20184,Gandalf+der+wei%C3%9Fe,508,6,28398,355
72835,kasperkarl,266,0,0,1444
104322,Taps0815,0,0,0,1445
136338,leon.s.kennedy,507,4,10817,477
142049,theillnes,507,2,5466,649
142764,Thor49,0,1,132,1217
186056,El+Cid+3001,0,0,0,1446
193940,Siedlerfan,0,1,106,1226
202692,KasiserValli2,547,21,109234,213
204035,Engel+desTodes,131,1,398,1136
230554,FStangR,594,3,4571,681
261877,Tante+Nein-Nein,702,1,2990,795
319745,freenation,348,24,101663,219
323779,Krahitna,0,1,44,1285
347067,Mr.+Buechel,273,33,210708,128
359009,extremer+skater,0,1,2387,852
360712,doppeltack,61,0,0,1447
387223,Mastermjk,0,1,1138,1007
405553,Dorftor,0,1,1070,1016
438853,microOdt,0,1,1450,966
469654,Pemi,507,7,18709,404
486085,visiondream,0,1,413,1131
553757,Aschilos61,0,1,740,1063
592678,wir+eben,201,9,13967,442
611188,maverik,41,1,9077,503
624214,Atariandi,748,1,1625,940
625537,CrowBlackHorse,0,1,1150,997
629516,Skaterffm,147,1,292,1166
632653,Sepp+von+Drazdany,0,9,19283,399
670761,kirtap000,0,1,3049,788
682881,Brausi,0,1,3789,724
687990,dilo123,0,1,743,1061
697125,Finding+Forrester,0,0,0,1448
728343,pxugmo5vh,0,1,26,1324
781161,Philipss,747,3,10378,485
831449,FCZ+und+EVZ,93,29,187887,148
835383,Mark1990,640,1,3432,756
840147,Black+Willy,0,1,955,1032
858526,schuschei,0,1,82,1242
866518,tatanka-yotanka,93,12,60893,269
882734,Mr.Lange,0,1,624,1087
923922,gladiator6,624,2,5530,644
923924,Najafe,0,1,45,1280
941519,bibi100,120,1,141,1214
950620,nici55,0,1,26,1325
957722,wolle40,667,1,2724,818
965430,Nygel,707,1,715,1070
971163,Chaosplayer007,273,34,216131,126
982237,Lieschen33,0,1,2339,858
998056,shiva+10,0,1,1832,918
1003622,huba1,0,1,313,1159
1029073,Sp33d1990,547,5,15484,430
1122873,jupiterms,137,1,644,1079
1125583,Mickylein,507,11,20329,392
1149354,OTTO+der+14.,0,2,4675,678
1150935,Darmstadt2,0,1,26,1326
1181373,verus,0,1,100,1231
1184529,Flatussi,0,1,144,1213
1186708,spenco92,0,1,26,1327
1194094,Krababel,221,47,365626,55
1195917,steinfeld,0,0,0,1449
1222552,basakum,553,16,69184,256
1289661,i3l%40ckterror,473,13,50840,294
1296370,Tanitha,180,1,642,1080
1305273,Bart95,0,1,26,1328
1385733,haniced,0,0,0,1450
1394369,proppa,0,1,2520,840
1406735,sir+drewes,11,1,6429,607
1406771,Powergirl+4ever,701,3,9024,505
1428213,diedadu,182,57,449430,31
1430117,calvinho,340,14,78481,243
1465737,niki+the+pro,0,1,26,1329
1497364,l%C3%BCkass,746,2,4365,691
1509418,Gangster+Lord+MW,0,1,384,1139
1533091,Popen+1,508,3,5873,631
1547124,HijaDelFuego,0,6,24335,370
1587999,lucky0211,0,0,0,1451
1609670,DeathTerrorChild,0,1,900,1036
1625740,Wie+ich,590,4,9960,491
1640677,Hermanvaan,625,1,1358,976
1682039,DieseZwei,183,63,511528,16
1683447,chickengourmet123,388,1,26,1330
1684295,MWKiller80,287,1,613,1088
1687534,LG+KE,0,1,54,1257
1731065,hubba+bubba+rolle,183,56,336333,67
1748502,maik1974,0,1,1499,959
1751697,wolfen+stein,0,2,5520,646
1759036,BenjaminBremsspur,12,1,1666,936
1851296,the+dark+lord+of+death,0,1,38,1293
1852630,EpicRuleZ,146,1,26,1331
1867955,Madissen,748,4,10646,480
1879214,cashback+solutions,418,8,40367,313
1882792,mato1199,93,15,113942,210
1902642,King-Kenan,741,1,1288,980
1910845,firms,0,1,1120,1006
1968704,%2ADon+VodkaL3mon%2A,0,1,248,1177
1969158,luciver1,710,2,3660,732
2049553,Ak7i7ra,0,3,7867,550
2064253,postguru,0,12,55299,281
2069066,AndiDTI,0,1,296,1165
2069613,voliimann,0,1,4396,689
2076582,die+B%C3%A4rtigen,0,1,244,1179
2078242,Flo+Hoege,748,1,275,1173
2087332,bob110,0,1,587,1095
2088879,Ringo813,557,2,7465,571
2101742,hallodri61,178,1,411,1132
2129417,No+Angels,0,1,119,1222
2134979,ullner,567,1,52,1261
2184767,chania,0,1,270,1174
2199738,Gandolan,180,1,3152,781
2216242,sparti+andreas,0,1,696,1072
2219529,Herly,0,1,812,1054
2250267,Lord+Morgans,641,10,59730,274
2255761,fatboy16,0,0,0,1452
2351874,Raaawrr,692,0,0,1453
2369962,Jazz01,0,1,26,1332
2375326,olliwilli,98,9,50309,296
2443156,korpdani,0,1,38,1294
2444984,Bauernsepp,0,1,3610,736
2459325,Engen,28,37,248190,103
2522339,Sir.Snoopy,0,1,438,1128
2542166,King+Muppet,0,1,150,1209
2560242,DaSilva1978,466,1,2495,845
2566327,Jani444,0,1,432,1129
2598646,snakev12,0,1,556,1102
2634628,izou,0,1,488,1118
2762594,j%C3%A4nnik,0,0,0,1454
2779332,L%C3%BCttringhauser,0,1,785,1055
2783785,innok,741,1,1157,995
2806651,Mr.Meier,0,1,3935,716
2811774,%C3%96l%C3%BCms%C3%BCz+Kahraman,0,1,3961,713
2815150,alf11,0,1,1593,947
2818577,MPower,0,1,26,1333
2836777,Markal,0,1,26,1334
2839066,g%C3%B6ritzerandiundco,732,1,589,1093
2843385,back%2A+to+Home,0,1,26,1335
2857509,das+kleine+Drogodil,183,45,245578,105
2865628,tankris,652,3,6483,606
2887937,King+Lothar+3,723,1,1907,910
3004324,Far%C3%B6er-Inseln,28,37,258963,93
3037125,DomiLP,0,1,2055,889
3049622,der+pan,0,1,3625,739
3056942,schlumpf+19,560,9,42267,311
3069536,J.M.M,0,7,32584,336
3100947,Michel+der+Grausame,0,2,7104,581
3126354,Sarador,0,0,0,1455
3132750,ElConquistator,659,3,7605,566
3144164,kampfzahn,602,1,196,1191
3159232,Dominik+16,0,2,5181,656
3203552,Diroan,501,1,2291,863
3225350,Grafzahl1871,364,2,10155,487
3271179,Sir+Schmieder,0,1,1218,988
3287479,xaver39,0,1,1428,971
3289760,michi01288,120,0,0,1456
3365545,GsC+Fighter,560,9,50590,295
3383777,Redfront+KB,0,1,559,1101
3392858,Engelskrieger+8,0,1,1194,990
3449459,Trochaeus,0,1,3758,726
7624025,yugioh13,701,7,15980,427
7629430,Mavez,640,1,2109,882
7639221,The+Phantom+007,0,4,6710,597
7649589,Pacmin3r,0,1,3377,753
7684064,%C3%A4hm%C3%B6hm,219,38,179883,155
7723961,Pommes09,667,1,38,1295
7753355,Optikk1ng,11,0,0,1457
7755816,ZeCeKahn,348,14,66875,259
7780921,till500k,0,2,2383,853
7785993,keutschi,640,2,5047,662
7791908,hamma357,58,1,2519,841
7793807,Fuki10,0,1,26,1336
7805538,Matzerot29,0,1,543,1106
7812730,PASSI+70,0,1,2568,833
7848894,Triathlon17,0,1,32,1310
7860348,Vollmond62,755,1,1080,1013
7869219,zerstorer+0,136,12,72041,255
7873819,Gerhard1950,0,0,0,1458
7884843,Elmanco,599,3,7677,564
7890448,ThePurge187,388,1,827,1051
7906478,H%C3%A4nsel-2,0,1,32,1311
7917254,Marco199601,0,1,308,1161
7944359,dragon1967,186,1,350,1146
7961799,REV-Bremerhaven,463,1,1987,898
7970769,Phosby,186,1,2500,843
7979971,nonamePDG,98,49,361097,57
8014171,Zaphod+B.,269,1,2044,890
8033485,gerwolfen,93,24,158504,169
8036481,Robin03,0,1,2602,827
8037033,princess+lea,0,1,1153,996
8046448,fanaticaldios,0,1,3082,783
8049397,Wasserhund,0,1,5230,654
8065332,Fresh,219,68,613736,6
8071280,xXHorst+OliverXx,0,1,2129,881
8091743,Hoge+123,0,1,495,1117
8110441,ANeu,0,1,1610,944
8153826,--BARROW--,0,7,21130,386
8165657,Beriel83,0,1,718,1069
8172660,Leonidas+d.1,56,23,192497,145
8194909,Mundimat,508,7,13700,443
8195285,sigurd+von+emsland,0,22,120346,199
8198259,Tiger1896,722,6,21147,385
8207383,Opa54,0,1,265,1176
8214432,banane1314,0,1,151,1208
8227714,Tarrian+Drachenzorn,0,1,3138,779
8260921,Graf+Herzer,0,1,2581,830
8277166,Held+der+Nordfront,647,1,3524,743
8278372,Neodamonden,0,1,171,1199
8280090,hart112,724,1,2035,892
8290526,isgimlie,45,1,2693,823
8297659,Simon1704,713,16,97349,223
8313863,Betonmischer,0,1,2187,876
8318630,Dewa30,679,12,33253,332
8321251,Dragonheart666,640,1,1605,945
8354082,AndreasI.,460,1,1863,915
8381239,Dr.Deadpool,0,3,2348,856
8393437,Avalanche,18,0,0,1459
8397652,Vinditgader,473,3,12876,456
8446345,Charly+Haper,590,2,3257,765
8449541,Svan+I,0,0,0,1460
8484618,Sir+DJ+der+Gro%C3%9Fe,191,9,50139,297
8487021,graf+pit,0,1,1150,998
8499874,Weiberj%C3%A4ger,556,1,179,1197
8502900,AlexanderDerDicke,178,1,2528,842
8503386,Kampf+moni,0,1,2266,868
8515428,ZZacharias,466,0,0,1461
8582892,Linkinagainst,93,31,242040,109
8590904,zitronenkuchen,473,6,14604,435
8608508,sony71,470,1,985,1028
8614659,Dr3coN,221,52,374996,51
8644819,speciaL%2A,713,6,31927,338
8658286,kevin8000,701,1,4397,688
8658681,Ernesto+1962,707,1,1024,1023
8667818,halo429,0,1,26,1337
8682164,erztttt,0,1,75,1245
8699223,peelo,0,1,187,1195
8713061,Goldener+Hut,0,1,100,1232
8717828,Donau69,659,1,238,1180
8722163,Tamil+King,733,1,2144,880
8740368,Eiserner+Gustav,0,3,3365,757
8748138,A.+S.,0,1,136,1216
8757542,hydra66,0,1,2550,835
8760427,Vorsicht2,28,13,70226,254
8778958,Snake+Mountain,0,1,26,1338
8812496,N0ki,560,10,60076,273
8822016,Leviathania,0,1,1455,964
8825760,Me+pwns+you,0,8,34129,330
8827685,-killer-94-,0,1,46,1277
8860225,scirocco09,149,1,2938,798
8880253,X-Tempo-X,0,1,1767,923
8880332,adiosoo,0,1,67,1249
8924265,David+Ross,557,5,14003,441
8929715,lykorz,0,1,95,1235
8951711,Sea-Kay2010,0,1,727,1067
8963585,Kiohyme,560,3,8550,513
8967775,Geralt+von+Riva,184,38,222081,122
8970177,BloodPax,56,5,43654,308
8978282,Aomic,0,1,234,1182
8983119,Miss-Persidrall,0,1,507,1114
8993459,miss+sofie,135,19,99665,221
9000318,Alphaboss967,671,3,6782,589
9018960,Nachtweide,0,1,737,1065
9025444,Dresden49,0,1,1609,948
9053060,Lord+Rob,219,42,285558,83
9070248,ChiefShaNone,136,11,42972,309
9078316,stemmprofi,0,0,0,1462
9081139,samugll,0,1,26,1339
9084229,akonic,0,1,26,1340
9094864,ratte100,0,1,91,1239
9099199,revenger53,649,1,2336,859
9124434,Eisi-is-back,535,3,4731,675
9126777,Graf+von+Salzgitter,750,1,2699,822
9133304,Zar+der+1,716,2,4184,703
9148153,chatmuffel,640,1,861,1045
9156193,Schinuscha,723,1,4279,707
9196619,Kelosch+loos,183,55,429920,33
9226363,Hummelnimpo,364,2,5981,627
9228930,Hells+Bulldog,0,1,46,1278
9234327,SIR+ASCHI,0,1,2892,806
9234645,DasHelge2,590,3,3912,718
9238203,Fraglich%3F,221,49,383473,47
9241040,Cooky1900,557,4,16036,426
9256749,Thor010,0,1,877,1042
9277363,Terrach,0,0,0,1463
9287475,Gernhardt+Reinda,595,1,566,1099
9297409,Tarrja,0,1,1892,911
9302902,Master+Captain+Eric,0,1,1103,1010
9306541,Uwe752,0,0,0,1464
9342906,herkules619,0,1,26,1341
9352758,felixzo,463,1,630,1085
9359322,Ibimen,589,1,3088,782
9370888,Katla-Kolgrima,61,5,6196,615
9373712,.CYAN.,0,1,275,1172
9377141,Luxtra,273,49,379242,49
9387955,lucaBMX2,0,0,0,1465
9390152,amanak,221,75,655602,5
9398528,SirAntro,0,0,0,1466
9400444,Vypo,747,2,4856,670
9401829,timay112,476,5,15655,428
9422279,Castro,273,33,195323,142
9424975,Pepart24,17,1,26,1342
9442447,snowdruss,748,1,3996,712
9442904,ilana22,0,1,315,1157
9443789,Die+Glatze+01,0,1,3635,733
9449450,Big+Taurus,219,12,103123,217
9452098,Spike2009,0,3,11600,469
9452154,Shirshu,0,1,351,1145
9471422,Diiviine,507,8,44338,306
9478306,AfgBoyS,0,1,26,1343
9482271,sylle1,0,1,31,1320
9484892,Olyrien,0,0,0,1467
9496793,Zauberkiste,28,40,291296,80
9503439,funny+but+deadly,0,1,26,1344
9509690,Roter+Teufel%2A,606,1,2760,815
9519285,Elejungle,61,6,12543,460
9537555,Specki0,0,1,26,1345
9553851,sawdelia,748,1,1539,952
9582483,Serbianac,172,3,21173,384
9592129,Alexander+3012,748,5,11757,467
9596589,VeeAyKay,0,0,0,1468
9600580,heropz,191,19,141578,180
9607649,GrimsborithOrik,707,1,453,1121
9623859,N+o+v+a+a+R,702,0,0,1469
9638064,LeiderGeilesDuo,547,1,4828,671
9652863,GerWarHD,184,2,18915,401
9668688,DogPatch,0,1,298,1164
9693465,sandracia,560,10,43972,307
9707878,Flexi+Hardweg,88,76,589504,9
9712134,GrafvonT.,723,1,2548,836
9720637,Midnight2k,135,4,11512,472
9733209,kleine+hexe+44,0,1,1923,905
9734932,Karambajule,656,3,5907,629
9749163,Pricksen,93,10,88615,231
9752551,ArturGollom,0,7,34379,328
9788935,BITCOIN,0,1,26,1346
9791647,ktm-duke,0,1,3165,774
9802462,Lord+4-EvEr-AlOnE,701,4,16657,419
9814006,Lord+Springer,759,3,8715,511
9820256,la+p%C3%BCppi,163,13,55287,282
9820518,OhrpheuZ,671,7,30600,345
9821670,lordrocky1,287,1,2536,837
9830022,Lord+bayernd%C3%B6del,0,1,3469,747
9832031,C4rh4rtt,98,26,177542,157
9865268,R3sG+Chiller,641,9,66148,260
9871136,magnum16,0,3,2421,850
9875658,Guckusele,0,1,1722,928
9878056,LadyMariaII,273,37,277244,87
9878288,Der+Einzige+Schl%C3%A4chter,0,1,1538,953
9879935,Champp,0,0,0,1470
9883742,luchse,56,11,87418,233
9897973,hondahorst,762,1,886,1038
9898251,Takumi141,93,14,67433,258
9905764,Mumubob,183,53,459502,28
9907517,atze276,0,0,0,1471
9909037,mc+morrice,56,30,249027,101
9915885,Pit1898,741,1,7223,575
9948317,Jan1887,0,0,0,1472
9955598,SteveToddi,0,4,28700,350
9956669,T+R+A+S+H,88,45,252531,96
9960147,TEST-SPIELER,183,16,123700,193
9978026,Carl+Johnson,318,8,19495,396
9987921,Ploox,340,21,117019,205
9997046,Kein+Tempolimit,0,1,26,1347
10005335,Joel+Noet,0,1,2282,865
10015030,Evgeny+van+sadykow,0,1,26,1348
10028320,alterhaselassmichinruh,765,1,2904,805
10040927,Herzog-Stiffler,512,0,0,1473
10043221,FS4L3X,221,59,488227,21
10045837,K%C3%B6nig+Heerscher,741,3,5838,632
10047033,odinsherr,0,1,1204,989
10051553,Hammy2008,0,2,3711,730
10085300,RayBarone,748,4,10605,482
10085518,Lord+%C3%84ppelwoi,0,0,0,1474
10097263,Kili131,0,0,0,1475
10123809,Hurric,364,2,6291,610
10138043,Der+Frosthauch+des+Todes,470,0,0,1476
10147156,Graf+von+Bayern,0,1,769,1057
10157803,Ken+KanekiX3,221,94,767274,2
10176904,xSiicKx,273,30,229415,117
10187299,Pato001,624,2,6693,598
10188187,Mikel,273,35,174647,160
10194163,Lord+nicken,0,1,687,1074
10208186,Plague+Doctor,182,73,569819,11
10211730,Ivan+Schlitzer,0,1,26,1349
10213364,Lord+Arthurios,0,1,4012,711
10220179,Death+Squad,88,57,440056,32
10235247,Robinakis,0,2,6796,587
10241668,BlackOperator,0,0,0,1477
10275134,lanlar71,0,1,4272,698
1575846293,mannyboy,0,1,1908,909
1575860894,-Paze-,163,2,13684,444
1575877996,ms9969,149,1,1517,955
1575883066,timboly1996,0,1,26,1350
1575914251,dsbm,0,1,224,1185
1575930013,incognito777,140,0,0,1478
1575954863,white-tekk,0,0,0,1479
1575962426,Lady+Kuschelmaus,0,1,38,1296
1575962873,Batl.+5222,463,0,0,1480
1575976578,Lord+Klopfer,0,1,40,1291
1575980530,DontFightMe,219,41,341129,64
1575989858,Fightlord5,0,2,5092,660
1575990071,bass+nr1,183,21,130413,189
1575998384,fbqrs,590,4,4416,685
1576016461,smirx,184,2,17494,412
1576021081,-3x-Bilbo,553,3,13296,449
1576024158,spillgates,747,5,8320,528
1576030072,XxRaxZxoRxX,0,2,2072,886
1576051651,Lord+ORLANDO,640,2,6842,585
1576070918,Lady+Nobody,748,3,6691,599
1576086539,WaZon,0,0,0,1481
1576100942,F%C3%BCrst+Duncan,0,1,193,1193
1576109161,Arcanthos,184,22,114589,209
1576111995,moepolo,184,14,78184,244
1576115917,Schwarzer7umor,0,0,0,1482
1576118108,Ilias1020,473,2,1136,1002
1576122141,Swapmeet,367,1,561,1100
1576126433,Eule7,507,10,71265,252
1576133933,Friedrich+August+Heiden,0,1,51,1264
1576162412,Benny8,0,0,0,1483
1576173702,vHunTerZz,28,32,209013,131
1576178066,Daemon+Targaryen.,221,56,499877,18
1576184924,lukulus,0,0,0,1484
1576190061,MrVolli,209,3,5229,655
1576201684,.Benzin,0,1,1920,906
1576205244,V-D-S,0,1,26,1351
1576237852,Raton,0,0,0,1485
1576241868,allstar98,98,12,72222,250
1576249276,styloxd,0,1,26,1352
1576256779,Sandokan3,0,1,1109,1008
1576264125,FCBNr1,0,1,1121,1001
1576267637,K%C3%B6nigdererde,655,1,1268,983
1576270972,Morgane,734,5,5801,635
1576272508,DanjePetzold,0,1,48,1267
1576279686,Unaufhaltbar,0,1,1543,951
1576280846,Leevu,0,1,1369,974
1576299358,and95y,348,10,25819,361
1576300352,Lord+Primetime,93,8,54675,284
1576302819,Kartenrandschieber,273,24,195810,140
1576328662,-sturmdrang75-,305,1,1064,1015
1576337757,Tenno+of+Nippon,439,1,2165,879
1576338232,langenberger71,191,48,347418,62
1576339748,Lassmal1baun,273,65,557232,12
1576359226,trapover,0,0,0,1486
1576365354,Lady+Maralla,252,3,6129,618
1576366062,killerbiker,263,1,1483,961
1576367462,Hanssnah,644,2,10380,484
1576367854,Dinique+the+G,88,50,295120,77
1576397597,Gold+Whey,0,1,26,1353
1576402134,Hasenburg,640,5,13232,451
1576402283,derPatenonkel,659,2,5426,651
1576409112,Noely,473,4,16620,420
1576416278,mystery+castle,183,28,185720,151
1576418916,cowboy08,701,2,4103,705
1576439885,dviii93,0,1,1148,1000
1576456615,Eddard0Stark,0,6,29130,348
1576461649,Pat5rick,765,2,7714,558
1576476295,Grawp,36,2,4274,697
1576478431,Big+Chungus,547,1,3501,745
1576501978,xTheStevo,348,23,154504,172
1576508938,DickerFetterPanda,182,45,263575,91
1576518713,Stormspirit91,641,6,44975,304
1576525456,uhu+stic+09,667,9,25146,366
1576541148,cyber01,0,1,2003,896
1576543026,xTheToddi,348,46,353145,60
1576547212,BigSmoke99,0,1,83,1241
1576552912,Bauwagen,0,1,2839,810
1576553654,Graf+Schweineb%C3%A4rmann,599,1,2718,820
1576559711,SickTrax,0,1,32,1312
1576560204,impsplash13,0,1,26,1354
1576560446,eisenbahnmucki,0,0,0,1487
1576566293,playingpsycho,348,18,121684,195
1576573970,Goyo1904,0,1,1471,962
1576579016,KingBobo,0,1,3385,752
1576585422,elfderpinke,0,1,3139,778
1576607315,Denniyo,0,1,3790,723
1576613431,betuesss,0,0,0,1488
1576614492,WiiiZZY,0,1,38,1297
1576620315,MacMueller,701,6,23605,373
1576629532,Radierdiweg,651,8,28580,353
1576632665,Lord+Lord+August,388,0,0,1489
1576637776,thefuture,557,3,8227,523
1576644829,Hexer01,507,9,29180,347
1576645918,x3istee,0,1,26,1355
1576658322,ALT+F4,0,1,42,1289
1576663356,The.Deutsche,221,73,600926,7
1576668504,cynztwissty,0,1,5909,628
1576675480,gleitzer,0,1,2912,802
1576679816,Bienenk%C3%B6nig,659,1,2692,824
1576685974,Liquid1,0,1,1490,960
1576688077,Disturbed,273,59,527597,14
1576692459,Sir+Hendriks,0,2,4518,682
1576711209,BElschen,0,1,267,1175
1576712239,Schattenloch,0,3,3599,740
1576713156,sumole,624,1,2217,873
1576716201,Arguslicht,191,69,411895,38
1576718136,lenker+der+schlachten96,93,15,94551,225
1576719852,Sakazuki,56,33,239134,111
1576722514,Holgeuer,0,1,171,1200
1576744115,Detox1,98,28,194953,143
1576744313,Aerynor,0,3,5764,637
1576758399,webbutler,0,0,0,1490
1576760393,TheLastMajor,0,0,0,1491
1576761492,janwe01,569,1,901,1035
1576770512,OrangeB00BS,221,45,324143,71
1576775378,Basto1986,0,0,0,1492
1576786561,DonkeyRollers,767,2,1678,933
1576794527,Riuwental,507,4,8155,529
1576797287,Captain+Matschbirne,701,2,6515,605
1576799290,SirKyro,671,1,4711,676
1576804113,Lord+NERO,0,0,0,1493
1576812784,Tomi1,567,1,968,1030
1576813604,Kadirah,0,1,26,1356
1576819504,NutzPunsch,20,10,51869,291
1576831457,GolDRiku,273,42,262809,92
1576833542,dobbertin,0,0,0,1494
1576839110,MrLappen,151,1,38,1298
1576839771,Tresdin,0,5,36684,322
1576840077,Biel,0,1,26,1357
1576842103,KecReloaded,0,1,26,1358
1576844179,Sansa+Sta,0,1,26,1359
1576852587,Dodgecossie,671,0,0,1495
1576854463,Rekrut+Anabolika,0,2,12680,459
1576855173,bauerJnr,0,2,6945,590
1576859209,Biomilch,688,1,28,1322
1576860050,B%C3%B6serBube987,28,51,362010,56
1576863915,lubenko1,0,1,32,1313
1576869929,Magblast,473,6,16838,418
1576875068,sillex3,193,5,34408,327
1576880392,stefan1809,287,1,229,1183
1576883738,Outstanding,219,28,233316,114
1576884345,Gin.,364,28,152718,174
1576896342,zarterdude,0,1,1028,1022
1576898283,Lingab,0,0,0,1496
1576906009,Bambusexperte,219,34,248483,102
1576907335,hokahe,0,1,374,1142
1576909699,%C3%9F%C3%9F%C3%9F%C3%9F,707,1,4589,683
1576910559,tzikgu,0,2,6102,622
1576922204,ExtremFighters,98,32,204242,134
1576922691,milchmann95,172,33,209983,130
1576923185,Bob.der.Turmbaumeister,88,15,82226,237
1576923513,K%C3%B6nig+Elendil,535,1,881,1040
1576924197,cptpapaya,163,9,31162,341
1576925681,Aglon,0,1,203,1189
1576932602,Grantlbart95,557,3,14888,433
1576932853,KronenEx,287,1,1741,926
1576933097,LORD+PEINT,61,0,0,1497
1576937295,tonymahonylk,508,7,24395,369
1576937613,sven3991,459,1,3074,784
1576939408,Selo+Abi,183,64,388868,46
1576939913,bottas1,0,1,636,1081
1576940223,Scorpi11,135,1,2852,809
1576946889,HerrHaschi,707,1,2942,796
1576947040,Roqqinella,182,24,131400,187
1576948438,jenser555,41,2,12171,463
1576949445,KingWeekend,651,23,117844,203
1576951073,Ignorance,136,28,178077,156
1576951318,Dunkler+Magier,0,2,6605,601
1576951990,PushAmBau,547,16,71285,253
1576955030,mhhhkay,0,1,38,1299
1576958889,J-P-M,421,0,0,1498
1576959994,friedibAng55,364,20,102499,218
1576961433,pphock,652,4,7917,542
1576962937,Raptor+Formagie+GmbH,221,72,556421,13
1576963216,Farmbot,0,1,26,1360
1576966358,Fumes1509,56,2,16075,425
1576968765,NoFarmShit,340,33,250753,99
1576974001,Nameless%2A,0,1,53,1259
1576975223,%2ARADLERTRINKER%2A,0,2,4990,664
1576975454,Nihonium,172,37,323549,72
1576975643,Bremux,0,0,0,1499
1576976486,campino22,707,1,3157,776
1576977042,Arathor1304,88,39,222270,121
1576984811,Gerdes+Gubbel,0,0,0,1500
1576991804,Bashexpress,0,1,26,1361
1576992881,OneManArmy%2A,0,1,26,1362
1576994796,SuperSoft,0,1,59,1254
1576995948,Eurythemix,28,49,369156,53
1576997861,GoldSt%C3%BCck,0,6,24243,371
1577007420,Bananenwurst123,0,1,26,1363
1577009681,King420er,713,0,0,1501
1577010175,timos101,221,62,398971,43
1577011004,kr%C3%BCmel,672,4,8915,509
1577011463,BobDerBaumeister007,98,19,117881,204
1577012688,LoopingLouie99,713,9,56552,278
1577015987,Earlie,0,1,343,1149
1577019582,Riechkolben,0,1,1595,946
1577019601,Highfox,0,0,0,1502
1577021252,nDreW,0,1,4017,710
1577025753,Lord+BlauerFasan,659,3,12178,462
1577025920,Sikk97,0,1,1040,1019
1577025997,FrauMitte30Single,182,48,315437,74
1577026392,GodSaveTheRave,348,40,220824,123
1577027224,Goldi97,0,1,318,1156
1577027827,Bilbo+mit+Flamingo,0,0,0,1503
1577028879,hoch25,0,2,1944,903
1577029398,Fabs95,98,23,166711,163
1577030247,Habemeister,0,5,16175,423
1577034011,Farmichdich,0,1,752,1060
1577035106,Hulk30,590,0,0,1504
1577038440,KscFreak94,0,1,26,1364
1577042248,k%C3%B6nig+hanz+peter,0,1,2997,794
1577042866,XXMK18XX,0,4,4276,694
1577043725,Apored,713,8,22267,381
1577045547,vantroche,0,1,2744,817
1577047258,Ryocia,557,4,11742,468
1577047925,Saurfang,0,1,26,1365
1577050492,xDave98,560,13,55235,283
1577052944,definitely+not+sony,0,1,38,1300
1577052967,N06ameN0Life,0,0,0,1505
1577053358,Catenaccio,126,7,25636,363
1577054379,Whatzzzz,0,0,0,1506
1577057432,Aether,88,53,334336,68
1577059881,Kappengeier,340,42,272819,88
1577060636,Halwadar,725,1,3610,737
1577061607,Alex,0,1,1339,978
1577062267,Lessich1998,0,1,1240,986
1577064900,Stinktier,0,1,26,1366
1577066276,eism,120,2,2017,895
1577066459,bigdaddy19670,172,2,3204,770
1577066633,ritter+hamma,0,1,314,1158
1577069080,Faiskofaisk,0,0,0,1507
1577070621,mulan1982,273,52,391016,45
1577073353,Alkerus,0,0,0,1508
1577075188,Furor+Teutonicus,0,1,872,1044
1577078469,Daryl+Dixon,0,1,1124,1004
1577079441,wullieur,0,1,47,1270
1577080602,Fixie+Hartmann,45,1,2997,797
1577080702,maikvd,754,1,992,1027
1577081251,Rejn,93,36,268968,90
1577083680,kluckis,138,1,1348,977
1577083798,Bl4ckSeries,138,3,6740,593
1577085869,Friedlicher+Siedler,273,24,174210,161
1577086529,bendertwins,547,1,739,1064
1577090502,pfu100,0,0,0,1509
1577091431,Stevebe78,0,1,634,1083
1577092090,alpha01,287,1,1047,1018
1577092678,echt+jetzt,672,1,1613,941
1577093467,bertl,567,0,0,1510
1577095727,dogan,0,0,0,1511
1577096575,lucko5,0,1,26,1367
1577097967,paridom,0,1,32,1314
1577102326,Shooter,756,9,36222,325
1577104233,stehbeisl3002,0,1,3019,792
1577105644,%2ATempo%2A,163,1,607,1091
1577105823,Tuppes,0,1,878,1041
1577108159,.007,749,3,3377,754
1577116728,TheHoffl,136,48,293391,78
1577117232,godlikehero,135,7,27922,356
1577117902,Gabriana,723,1,1022,1024
1577119447,katzi2510,0,1,44,1286
1577120445,Der+Spieler,0,12,25060,367
1577124873,saladin2,464,2,6107,621
1577128721,silent12719,191,72,488928,20
1577130776,held123,0,1,1571,949
1577131139,Gilan01,659,1,1426,969
1577132942,darkos17,701,3,12761,457
1577134460,lord+alter+schwede,0,0,0,1512
1577136025,Minidekus92,0,0,0,1513
1577138412,Sven+1974,567,1,847,1049
1577143467,King+pingu,28,39,324992,70
1577143961,pierce21686,0,0,0,1514
1577145159,Quantum+meruit,547,9,60121,272
1577145662,Mighty+Duck93,0,1,26,1368
1577146031,fries,0,1,120,1221
1577148699,IchMagFreibier,98,50,398140,44
1577149194,Maligos,667,1,875,1043
1577150847,RMS1,136,26,210166,129
1577153212,Andreas102,552,3,2447,848
1577153654,verr%C3%BCckte+socke,602,1,3191,771
1577154916,sturm90,88,45,336724,66
1577158486,Koreh,0,1,26,1369
1577158777,MD1999,0,1,46,1279
1577158901,mummysdarling,473,7,22879,379
1577160674,Phenix,182,23,160261,166
1577161700,stio,775,3,14149,439
1577163047,Ina+Instabil,219,38,232372,115
1577163542,-I+liKe+tr4iNs%2A,535,1,633,1084
1577164246,Stefanosderechte,0,1,225,1184
1577166409,Tekken001,56,14,123543,194
1577169116,Jiayx,0,1,2071,887
1577169597,N0Pulse,557,10,39796,314
1577169770,Arschkratzer,560,11,51294,292
1577170338,MrTeabeutel,388,2,6233,613
1577171656,raetselhaft,671,3,6861,584
1577171678,Strike,0,1,38,1301
1577172299,Mehmet14,652,8,17760,410
1577172560,Cobalticus,0,1,53,1260
1577174428,felu,0,1,95,1236
1577178060,Horseman17,388,0,0,1515
1577178075,kramer,0,1,47,1271
1577178719,-Anatoly-,318,24,184421,152
1577178932,Lord+alpenrahm,550,1,889,1037
1577181310,Bullwerk,590,7,20591,389
1577181451,walki,0,1,171,1201
1577186898,Surpris3,547,5,37057,320
1577187118,Matthias39,191,23,141976,179
1577187389,hilrode90,0,2,5660,640
1577187830,Frodul,747,5,13235,450
1577187906,CaiusXO,0,1,26,1370
1577191504,alcon,722,3,14893,432
1577192340,Halbe1008,0,1,440,1126
1577193376,Sigurd+528,659,1,185,1196
1577193425,saschaaa,0,1,568,1098
1577193698,Max+Mustermann,183,30,236469,113
1577193798,Fenerium,138,0,0,1516
1577194197,otto+der+13,0,1,3188,772
1577195316,ProfessorHastig,182,31,168184,162
1577197889,CamiCheck,184,28,243614,107
1577200864,red+bull,0,1,26,1371
1577202407,DannyB69,0,1,26,1372
1577203959,Chukles,163,19,93951,226
1577205426,Dark+Anima,0,1,26,1373
1577206838,werner+61,58,1,393,1137
1577209323,Sabo+1972,473,1,4296,693
1577209492,Amadeus2019,103,1,1978,900
1577209939,sensei.money,163,10,20124,393
1577212601,Salazar+Slytherin,0,1,26,1374
1577212960,Anima,630,0,0,1517
1577220469,iMQTEX,0,1,321,1155
1577223718,Kartenrandcarry,538,1,8109,533
1577223838,timdette,0,0,0,1518
1577223990,dont+try,0,1,170,1202
1577224151,CityZap,0,1,2638,826
1577227115,Marcel9494,24,2,7977,539
1577228241,Kikis+King,0,7,28690,351
1577228586,J%C3%B6%C3%B6rk,183,34,286106,82
1577229681,NBKiwi,183,64,487599,22
1577230550,discostu,56,30,239782,110
1577230945,PuiPuiPuiPu,0,5,18477,406
1577232225,rosskarten,747,1,3212,769
1577235704,Goaskinny94,659,4,12406,461
1577236526,Pinki72,0,1,2265,869
1577236547,schnegal19,138,4,5599,643
1577237207,Ben+Crusher,560,5,23989,372
1577238756,icrowne,219,21,117565,208
1577240658,NiceButDeadly,557,4,12945,453
1577242542,Ultra+SGD,136,32,204540,133
1577242622,Richard24,535,1,1399,973
1577243191,BanditSun,538,1,7115,577
1577243300,Blodyknight,0,1,32,1315
1577243870,K%C3%B6nig+Michel,0,1,543,1107
1577246616,Amphisbaena,418,1,7743,556
1577247011,Yamila,0,1,2820,812
1577247181,.Nicosta,0,1,26,1375
1577247202,Slasher,11,4,11050,475
1577247396,Rolf+Hartung,525,7,26007,358
1577247887,Mike95,0,1,498,1116
1577248065,K%C3%B6nig+Georg,748,1,2466,847
1577248732,Thor25,639,1,346,1148
1577248822,Toad,651,11,80082,240
1577249543,MrCarecry1,557,10,36836,321
1577250736,ChaosIsCreation,0,1,2062,888
1577251643,Stinksauer.,221,83,595095,8
1577254536,R%C3%BCbeabic,723,1,3543,742
1577256187,Support+69,147,0,0,1519
1577256703,Schultheiss,0,1,1736,927
1577258140,Mzen2901,538,1,8210,524
1577258285,Caga,0,1,3301,762
1577260020,The+Proxy+Hebel+97,538,1,7533,569
1577260990,Lord+Drachenstein,0,4,7708,560
1577261145,TRex56,0,1,656,1078
1577262490,Schiri,0,1,4248,700
1577263317,Donna52,652,3,13371,448
1577264069,DerK%C3%A4wn1,0,1,26,1376
1577264297,lenax3,418,0,0,1520
1577266271,Fabrice1993,0,0,0,1521
1577266935,Eumel2,56,21,181784,153
1577268841,Axx1234,0,1,170,1203
1577269505,Niffelheim,340,13,79343,242
1577269807,CrackDeaD,0,0,0,1522
1577269813,DapperDon,136,30,229127,118
1577270215,Achi93,507,1,2599,828
1577271243,the.great.prince,0,1,26,1377
1577271303,McMice404,0,1,32,1316
1577272530,Barber,0,1,98,1233
1577273992,BatmanXY,741,6,22080,382
1577274987,Helga+Huffelpuff,0,1,26,1378
1577276619,G%C3%B6tterd%C3%A4mmerung,28,62,522224,15
1577277336,MarshallAlex,340,16,65699,262
1577277558,Synax,651,6,23107,377
1577278764,PId1577278764,741,8,23622,374
1577280693,Werner+Frankfurt,547,1,4941,667
1577280699,Legitoftomorror,219,36,289232,81
1577283285,wo0dchuck,473,4,14262,438
1577283941,missmeliya,0,1,195,1192
1577283957,Aikonist,764,1,1612,942
1577284257,McKilroy60,0,1,118,1223
1577284840,D4rkSid3r,0,0,0,1523
1577284967,Houseklaus,747,3,5522,645
1577285001,Morcyria,172,15,82866,236
1577287193,Tanjiro+Kamado,418,1,8210,525
1577288217,sporti,547,7,28351,354
1577288271,kentz0,463,0,0,1524
1577289456,Rocko69,340,23,188090,147
1577291446,Chess14513,0,1,38,1302
1577292069,Merlin4.0,557,1,2225,872
1577292586,next432,0,1,401,1135
1577292664,elCoordinatore,651,21,120855,198
1577293445,ProTouch,348,20,112955,211
1577294135,ElToro,183,53,358698,58
1577294676,K%C3%BChlschrank,0,1,304,1162
1577294742,D.+Ruffy,172,10,44538,305
1577295664,Flo0910,552,8,34230,329
1577296007,Kamaikaze,0,3,8757,510
1577296122,Youarefired,547,1,4749,674
1577296125,noobtion,547,1,2037,891
1577296129,rudolfr%C3%BCssel,723,1,2911,803
1577296132,sickgulag,547,1,3721,729
1577296157,Da4id,442,0,0,1525
1577296162,Lana4President,547,1,4398,687
1577296278,Bastii95,594,1,1267,984
1577296392,Eljoda,0,2,3949,714
1577296634,Trendz,0,2,855,1046
1577297173,The+Dark+Knight+74,0,1,913,1034
1577298350,mCraSin,736,1,3333,759
1577298523,H%C3%B6r+mal+wer+da+adelt,547,1,2208,875
1577298525,H%C3%B6r+mal+wer+da+trollt,547,1,3050,787
1577298618,Black+Mamba+1,0,1,538,1110
1577298767,Smokez,0,1,26,1379
1577298879,Penkerer123,0,1,49,1266
1577299643,spitzbube2,0,2,3428,749
1577299650,VESPALX64,98,14,62514,267
1577300142,koch411,88,61,405313,41
1577300275,Lucky,473,4,10620,481
1577303403,Taluran,0,1,26,1380
1577303627,Kek123,0,1,62,1252
1577303733,-DGS-,219,70,481859,23
1577304160,KainSkillNurVerr%C3%A4ter,163,1,2665,825
1577304264,-APG-,659,1,48,1268
1577304650,Attila,640,3,9899,492
1577305093,NervoNation,136,27,164695,164
1577305388,Gongzilla,184,30,152520,175
1577305768,GabbaGandaIf,182,33,145878,178
1577306447,hakatangadol,624,1,3037,799
1577307563,Rudin,0,1,140,1215
1577307745,lLink,340,24,159055,168
1577308289,Cbum96,0,1,26,1381
1577309120,vlbeast1,201,1,1417,972
1577309168,The+Biggest+Looser,748,2,6532,603
1577310008,bifbaf,0,1,26,1382
1577310506,Rainbowcrack,507,9,60375,271
1577311806,Olandrox,0,3,6528,604
1577312120,clemente.schmidt,418,0,0,1526
1577312149,BallernwieBananen,0,0,0,1527
1577312372,BlaueAffenbande,0,1,669,1076
1577312376,Wizie-,759,3,6868,586
1577313188,FahrenOhneFahrerlaubnis,221,36,292057,79
1577313464,sirlancelot+von+cameltoe,547,1,1883,912
1577313524,ukulele,56,11,91127,230
1577314235,Chalex97,0,1,117,1224
1577314246,Dymage,56,25,200579,136
1577314538,Blade+Reloaded,184,35,195665,141
1577314992,Ruhrpott77,0,1,734,1066
1577315250,Lord88,769,4,9477,497
1577315631,Wikinger,711,1,5386,652
1577316486,AMg0,56,22,157186,170
1577316883,Pilzritter,0,1,3304,761
1577318735,NoExist,748,1,1105,1009
1577319022,Lord+Sleifer,28,36,271812,89
1577319184,NeedCash,0,1,101,1230
1577319217,MrShowtime,748,2,5439,650
1577319529,neumi53,459,3,7590,567
1577320357,hotcatxxxx,599,1,105,1228
1577321151,DayDreamx3,560,8,37529,318
1577322657,Brauntown,221,92,687054,3
1577323565,Swo0sh,221,35,280604,85
1577324705,FairTrading,0,1,2874,807
1577326508,Eisb%C3%A4r93,459,1,1501,958
1577326965,Dash,273,21,134252,185
1577327515,IAN700,0,1,1538,954
1577327572,Burntime,172,20,63002,266
1577328728,Karonian,0,1,350,1147
1577328792,Achim.de,0,1,123,1220
1577328893,Reiner+SG,0,1,3284,763
1577329285,MISS+MARPLE77,617,2,4984,665
1577329948,TeleshoppingQueen,0,1,26,1383
1577330372,Olidus91,184,2,9308,501
1577330489,schroppi,439,4,5516,647
1577330980,noob35,0,5,30445,346
1577331107,MasterJxD,184,24,128955,190
1577331179,Elfeantbaby,68,1,1785,922
1577331373,Ludwig,0,1,327,1153
1577331505,Jiggy420,0,1,26,1384
1577332910,Jansen1895,28,30,101288,220
1577333219,Seemops,273,46,242094,108
1577333809,H2oHugo,707,3,5659,641
1577334959,Walodja,364,2,4325,692
1577335546,RedMan666,749,3,6727,595
1577335977,A3r0nrlp,0,1,47,1272
1577336130,xXSh4d0Wk1LLeR98Xx,715,1,3847,720
1577336243,5Luna5,0,0,0,1528
1577336272,Gast336272,557,1,221,1187
1577336548,Bloodletter387,651,5,25638,362
1577336594,Sensenmann93,652,3,8560,512
1577337225,fraenzl,0,1,1680,931
1577338263,Seppl,172,15,83238,235
1577338499,das+B%C3%B6se,769,4,8189,527
1577339097,st0rmy7420,0,0,0,1529
1577339201,Chicken,0,0,0,1530
1577339250,Alkoholleiche,183,55,297268,76
1577339252,Dribbler,0,11,54477,285
1577340944,JGlumanda,421,1,26,1385
1577341163,xCraiiZee,0,1,578,1097
1577341351,Reini1489,0,1,1831,919
1577342510,Nabelschwein,0,1,57,1256
1577343118,PROLETENPANTOMIME,0,1,26,1386
1577344458,Sch%C3%B6neralsdu,98,33,148044,177
1577344763,3kyFr4nky,182,2,12796,455
1577344939,Kr%C3%B6si,599,1,1954,902
1577345406,Ricarda+Lang,88,43,314293,75
1577345826,Banie17,104,0,0,1531
1577345915,Michaela74,0,1,552,1103
1577346137,Okiela007,463,1,1865,914
1577346275,nobbyk11,590,1,1034,1021
1577346524,Uwe-Volker,0,1,883,1039
1577348271,Triballeader,741,1,357,1144
1577349626,Toledo24,0,0,0,1532
1577350181,Wetzstein,706,0,0,1533
1577350502,ALTERNATIV,418,1,7733,557
1577350677,mastermajo,184,18,104750,216
1577351241,Gandalf+der+echte,538,1,7908,545
1577351317,Seibo23,473,7,33393,331
1577351375,OOltmann,0,6,25304,365
1577351582,Sancho.Pancho21,0,0,0,1534
1577354261,Coban440,0,4,8394,522
1577354400,Pidd,287,1,2560,834
1577354463,Alexlight,0,1,2168,878
1577354524,Bleach,102,2,16264,422
1577354766,Ellilein97X,641,15,107610,214
1577356030,Arkeda,318,12,38748,316
1577356084,Lennyy,560,7,31078,343
1577356231,Dabrica,0,1,475,1120
1577357369,Funmaker1234,56,23,224335,119
1577358119,Akreter,624,1,1362,975
1577358983,HerrBayerl,0,1,3174,773
1577359673,El+Paddel,707,1,1177,992
1577361515,Lmao,182,65,503863,17
1577362137,Calle95,0,1,1798,921
1577363106,blackops,659,3,6074,623
1577363636,Rommelll,0,1,3708,731
1577364245,kaii91,0,0,0,1535
1577364266,Tokatli60,0,0,0,1536
1577364510,DIMarcel,0,1,343,1150
1577365906,Maulwurf89,0,1,2393,855
1577367392,Delenter,0,1,26,1387
1577367854,ScheibeMio,136,35,250220,100
1577367866,Katerpult,538,1,609,1089
1577368514,salamimeister3,747,3,7820,553
1577368800,Schnitti,0,1,1305,979
1577369389,Sylencer90,723,1,2915,801
1577370754,Mc+Fusarium,686,21,88080,232
1577371023,Heroine,590,0,0,1537
1577371343,HSV+hahahaha,538,1,7195,576
1577371904,kevkaesk,725,1,1646,938
1577372485,IceEagle,182,40,281199,84
1577373107,d3r+bOmb3r,273,34,175970,159
1577373257,WEEDG%C3%84RTNER,538,1,8045,535
1577373909,JayD,172,33,99462,222
1577373916,ludie,0,1,1679,932
1577374469,Lord+Reznov,624,1,3252,766
1577374544,Lady+Blacklotus,0,1,45,1281
1577374702,Cm+Demrion,686,1,383,1140
1577375287,caprisunny,182,55,413595,37
1577375504,Raubvogel,88,31,230692,116
1577375505,Facelle,538,1,7908,546
1577375508,Gliss,538,1,2271,867
1577377224,huenne,0,1,97,1234
1577378014,Tonkrug,707,1,2177,883
1577378119,Gunet,624,6,19824,394
1577378206,xxAtomxx,0,1,1095,1011
1577378576,p00rs0lid,508,6,13526,447
1577378960,K%C3%B6nig+Bronco,557,5,11260,474
1577379431,Leenz,0,1,26,1388
1577379841,Spass+mit+Die+St%C3%A4mme,538,1,7069,579
1577380011,Pauli,746,8,32952,334
1577380217,The+Machine,236,0,0,1538
1577380482,Nixon,0,23,135961,183
1577380635,Xanxas,651,10,48984,298
1577380700,Hoes-Favorite777,103,4,11017,476
1577381024,Albert+der+Gro%C3%9Fe,473,4,8320,519
1577381304,EarIyknight,504,6,48484,299
1577381403,Eragon38,348,19,106471,215
1577381423,KingTim,0,1,223,1186
1577381503,Hansafreak,183,30,218012,125
1577381640,Trautel+von+Wartenstein,439,1,608,1090
1577381868,shorty69,552,5,22890,378
1577382054,Turko2021,0,1,1846,917
1577382676,Sologesang,538,1,8408,517
1577382746,Miro,28,42,354578,59
1577383003,Pagat,538,1,7781,555
1577383012,Haged,418,1,1912,908
1577383027,Agave,418,1,2458,857
1577383119,Darkblade92,318,3,16948,417
1577383288,I3asherX,0,0,0,1539
1577383348,Arlong,0,1,1260,985
1577383365,Sitting+Bull,508,1,8935,507
1577383540,Lass+mich+in+Ruhe,418,1,1660,937
1577383565,Nerv+nicht,538,1,7707,559
1577383599,Childgroete,538,1,7579,568
1577383660,Ande+der+Gro%C3%9Fe,0,0,0,1540
1577383770,Orange-,182,31,204709,132
1577384154,Drachenking,538,1,7880,548
1577384523,Kubikmeter,340,13,63622,265
1577384617,ZeBacon,98,17,132526,186
1577384724,Tigermicky,0,1,2533,838
1577385009,Guenter1970,701,2,3615,738
1577385040,Nyobam,560,10,57139,276
1577385371,Keule39,0,0,0,1541
1577386194,Legende87,0,1,547,1105
1577386533,Leolaslo,0,1,1123,1005
1577386677,.Eintracht+Pr%C3%BCgel,182,49,344202,63
1577387295,Predator007GollumPUSHING,221,50,422089,35
1577387673,Fedrix,0,1,300,1163
1577388545,Kleckso,163,1,412,1134
1577388797,VasSilly,136,30,213898,127
1577388938,chocomel1907,0,1,26,1389
1577388946,Bobsterlx,182,76,582270,10
1577389206,STVZO,0,1,453,1122
1577389428,BlueHygro,0,1,4264,699
1577390223,Pueppi,0,0,0,1542
1577390396,Darkcon,659,1,1275,982
1577390469,Steinmetzmeister,0,1,26,1390
1577390473,Ressourcenguru,318,7,31216,342
1577390729,NIK4,273,77,476056,25
1577390985,Plumperquatsch,741,6,12125,464
1577391060,Enzo+Punani,184,30,202087,135
1577391094,Bakugo,418,1,8136,531
1577391095,Lord+bitte+nicht+Incen,418,1,8127,532
1577391104,Achtung-Kontrolle,418,1,8463,514
1577391105,Support-Helfer,418,1,7875,549
1577391113,Kathi98,538,1,7698,561
1577391115,Barney+Stinson+der+Echte,418,1,7902,547
1577391652,Hobbit,640,1,922,1033
1577392435,Kokomo,0,1,190,1194
1577392706,Knut+Lassmich,219,21,141574,181
1577393209,Phantom98,508,6,20385,391
1577393803,Twist96robin,0,1,45,1282
1577394298,MSVStar,0,1,26,1391
1577394565,-KaMeO-,701,8,18758,403
1577394600,Rewi123,0,1,3005,793
1577394638,LukeHumphries1,183,42,195873,139
1577394641,-perschwertesacker%2A,0,1,26,1392
1577394954,Ciro400,182,73,494924,19
1577394984,LordHell,364,3,7917,543
1577395000,General28,120,0,0,1543
1577395538,ralle84,747,2,4690,677
1577396035,kingkelvin,0,0,0,1544
1577396198,FloRider257,560,13,76879,245
1577396375,KingArthur40,56,21,125941,192
1577396765,Disharmonic,701,3,6927,583
1577396974,Kuemmel,0,1,112,1225
1577397549,buzuka,61,7,17255,415
1577397567,limiter,31,1,26,1393
1577397857,Metzgerrudi,641,36,198705,137
1577397919,lukoorn,590,2,3728,728
1577397996,Fafnir+666,748,1,4602,680
1577398477,FlummelBummel,0,1,26,1394
1577398566,steini76,652,4,6756,592
1577398600,kluhen97,0,1,5114,658
1577398609,KatapultPiloten,28,60,472590,26
1577398882,Marsimoto187,508,2,7928,552
1577398919,Trab96,20,0,0,1545
1577399163,vilsb%C3%A4cher,652,1,2754,816
1577399223,FrauKapit%C3%A4n,0,1,47,1273
1577399476,Lordmeagadeath,0,1,29,1321
1577399597,Spartacus,557,1,3414,750
1577399664,Sir+Rammalot,388,0,0,1546
1577400531,Berscher,0,1,26,1395
1577400615,telelo,0,0,0,1547
1577400647,Youmad,201,1,2872,808
1577400745,Marth65,136,9,46240,302
1577401347,TheLastWorld,560,5,18810,402
1577402000,Mazuka,18,0,0,1548
1577402143,sunil98,191,54,366312,54
1577402220,Brrandy,0,0,0,1549
1577402266,Freiherr+vom+H%C3%BCnenberg,701,7,17745,408
1577402888,Ealen,68,1,543,1108
1577403071,GTRK4,0,2,3736,727
1577403163,MegaWolle,266,1,1570,950
1577403321,Fenerli53,0,0,0,1550
1577403744,DanielSG,163,1,514,1113
1577403858,Blackzeck,172,31,193093,144
1577403991,Gerti2307,758,1,533,1111
1577404351,XderHHelfer,178,1,441,1125
1577404462,Hansi+im+Gl%C3%BCck,507,6,17694,411
1577404537,.Siemens.,0,1,663,1077
1577404581,Marv2211,507,8,34626,326
1577404831,Balkan11,439,0,0,1551
1577404861,siliver2908,0,3,1933,904
1577404913,OberstReacher,56,9,56352,279
1577405032,Roafe,0,1,32,1317
1577405034,iForster,0,8,36514,324
1577405169,Laaaaaaaars,411,1,2320,862
1577405180,der+Karsten,183,11,63829,264
1577405311,Kaleut81,748,1,1180,991
1577405512,SGBobby,641,19,91349,229
1577405674,Ratzky.Elli,599,0,0,1552
1577405919,Ieazatu,273,47,322003,73
1577406106,Rythime,0,1,26,1396
1577406139,optimus12,0,1,678,1075
1577406180,Mandy+Rarsh,0,1,4160,704
1577406268,CaptainLazer,0,2,1514,956
1577406503,Bergi91,0,1,1982,899
1577406595,P%C3%B6belina,547,1,4814,673
1577406700,maextrash,547,1,4276,695
1577407378,Glenoxi,624,1,4248,701
1577407385,ichbinstim,418,1,2573,832
1577407505,Mcmop,507,14,56798,277
1577407667,Maik1,0,1,26,1397
1577407790,DG-AAA,191,30,191621,146
1577408012,xXsandroXx21,183,26,186327,150
1577408059,Marl+Karx,340,22,125982,191
1577408126,Tschudi,0,5,12904,454
1577408336,marius1420,626,1,3529,748
1577408399,Dre1009,0,1,584,1096
1577408406,Shooten,418,5,25986,359
1577408482,0815joe,147,0,0,1553
1577408571,Count+RD,722,3,10344,486
1577408584,kevka93,0,7,37264,319
1577408671,zombie1000,22,4,13508,446
1577408696,Ovapowrd,451,1,8903,508
1577408825,HarryderPotter,508,5,23638,375
1577408875,Panzerby,172,23,150550,176
1577409166,Maximus1985,348,13,66045,261
1577409339,neuhier,88,58,451973,30
1577409362,Farmboy,348,18,115898,207
1577409368,Jxnx31,0,5,7979,538
1577409400,gh0stInside,66,0,0,1554
1577409548,zigity,0,1,125,1219
1577409582,Baron+Rudik,18,1,103,1229
1577410310,Mondmann,0,0,0,1555
1577410337,hyperhansi2000,184,12,46538,300
1577410489,SenorSchnorres,0,1,26,1398
1577410532,Karo94,149,1,1419,970
1577410630,King+BABA06,0,1,26,1399
1577410730,Raderrus,0,1,851,1047
1577410826,Suvad,659,1,5238,653
1577410880,xXFrierenXx,56,6,31683,339
1577410931,Nero2204,61,1,2240,871
1577411246,nordixx,707,1,3481,746
1577411340,Kurumi,172,19,56307,280
1577411348,Raidraptor,759,2,6040,626
1577411362,LinAlf999,567,1,38,1303
1577411422,Coronier,56,57,464052,27
1577411661,gpepy,623,0,0,1556
1577412073,KatapultKnallk%C3%B6pfe,28,74,661114,4
1577412076,HarryDotter,331,0,0,1557
1577412195,B%C3%A4sch,0,0,0,1558
1577412349,Kruemel25,508,4,20542,390
1577412395,fegerinho,507,1,2213,874
1577412465,Yusaku-sama,0,1,334,1151
1577412668,Domi885,525,0,0,1559
1577412876,Kampf-Kartoffel,0,0,0,1560
1577413094,Relonis,508,1,2265,870
1577413182,Napoleon+1234,0,1,155,1207
1577413414,Sir+Shiggy,0,1,3135,780
1577413476,ole+aubke2,0,1,26,1400
1577413833,Mad+Mexx,713,11,57673,275
1577413946,g%C3%A4nsehaut,707,0,0,1561
1577413964,Vancas,0,1,26,1401
1577413972,stinkenderAluhut,652,3,9444,498
1577414029,Mael,722,4,17312,416
1577414101,fl%C3%A4ggi,0,1,26,1402
1577414657,ALDI+NORD+Voldemort,418,1,8045,536
1577414839,cdiii,698,14,68305,257
1577414862,Schwester+Monika,348,33,187086,149
1577414888,papamarc,0,0,0,1562
1577415064,Durchfallmann,56,24,180263,154
1577415179,Fridolin+der+erste,0,0,0,1563
1577415268,Lach+Ma+Jun,538,1,8418,515
1577415282,komm+ran+hier,418,1,8418,516
1577415284,Kapfenf%C3%A4nger,538,1,4868,669
1577415356,Wildk%C3%A4tzchen,183,43,330769,69
1577415506,Bober+Kurwa,221,48,380792,48
1577415521,flok+rider,388,1,1129,1003
1577415525,autounfall,0,1,26,1403
1577415568,DonsDenos,163,1,607,1092
1577415588,K%C3%B6nig+Lord+Gismo,624,3,9346,499
1577415591,SirDavid1,221,51,410302,39
1577415636,Bob+der+Klaumeister.,0,1,28,1323
1577415751,Empek,701,2,7924,541
1577415757,ronny4563,0,1,145,1211
1577415780,EmilyBauer,219,42,280498,86
1577415832,Sachsensau,11,1,2102,884
1577415909,Schwarzer-Ritter,0,1,487,1119
1577416049,Dikro,93,15,120065,200
1577416086,Verkaufnix,0,3,5002,663
1577416101,789456123,0,0,0,1564
1577416173,Altm%C3%A4rker,348,19,92812,228
1577416190,goron,659,6,14741,434
1577416271,Django+El+Matad0r,136,23,154346,173
1577416281,Nevsson,28,49,423624,34
1577416471,Albi93,771,10,76375,246
1577416545,max86,279,1,1675,934
1577416547,Pocahontas,508,1,700,1071
1577416577,TheBoringBlue,599,1,26,1404
1577416581,.NoChance.,93,18,110426,212
1577416638,Sk0r91,0,1,26,1405
1577416656,Dragon0492,93,30,197987,138
1577416729,KeksFanatiker,617,1,993,1026
1577416770,Lubi,0,0,0,1565
1577416775,B%C3%84R11,718,0,0,1566
1577416779,Sebsen,0,1,26,1406
1577416814,Pommel,0,1,1090,1012
1577416977,Maceger69,713,9,42665,310
1577416993,DerKnechter91,0,0,0,1567
1577417050,tlli2811,149,2,6726,596
1577417331,Koenig+Heinrich,56,10,64479,263
1577417362,Nonsens,0,0,0,1568
1577417391,Kudiii11,98,27,155301,171
1577417430,Austria.1220,659,1,3045,791
1577417474,HWI94,0,1,2499,844
1577417530,Schemm,0,1,26,1407
1577417673,ACROBAT,557,4,9486,496
1577417729,Kevvv,221,48,349194,61
1577417742,yadoback,136,23,160763,165
1577417745,DrDrakken,0,1,26,1408
1577417774,Wargenie2024,590,3,12953,452
1577417786,Breiti,713,3,5119,657
1577417837,Meggis,0,1,1450,967
1577417850,Ventho,56,7,36610,323
1577417932,maya0610,348,40,254480,94
1577417944,SiKK,0,1,26,1409
1577418147,DaveRM,186,1,3236,777
1577418160,Schnitzelsemmel,28,15,45039,303
1577418198,Buckshot+L%C3%B6we,0,1,1035,1020
1577418211,juttausa,659,4,7798,554
1577418389,papa-schlumpf,684,6,15605,429
1577418434,LordHyper,0,1,278,1171
1577418449,Lugo+el+Betrugo,0,1,78,1244
1577418612,FC+Untersberg+2024,674,0,0,1569
1577418646,malocher,0,1,26,1410
1577418653,Hydrolic,0,4,13602,445
1577418657,AI+Lord,184,9,74439,249
1577418664,BigBoss123987,0,1,26,1411
1577418907,Foxi12,508,7,31652,340
1577419060,Oreichalkos,759,1,1450,968
1577419070,Lord+Brain,748,1,1686,930
1577419155,Dadex,567,1,47,1274
1577419236,PrinceCavendish,759,1,1612,943
1577419237,Lilif6910,759,1,1507,957
1577419327,blauewolke1,172,21,121400,196
1577419388,Katastrophe,98,4,19594,397
1577419433,hellidelli49,0,2,4451,684
1577419468,Honk+I.,0,1,3071,785
1577419562,MisIstDa,0,0,0,1570
1577419585,Denis,0,1,63,1251
1577419647,K.Kensh,88,44,375374,50
1577419660,Thompsi,0,0,0,1571
1577419713,meris167,287,1,245,1178
1577419774,WingMingSchinken,641,16,135577,184
1577419815,Pablo533,0,1,38,1304
1577419937,Knappo,590,1,3160,775
1577419960,Amissa+Bongo,219,54,338548,65
1577420085,Greedisback,318,9,51015,293
1577420223,THOR90,508,3,7417,572
1577420239,BlueyBingo,0,1,1638,939
1577420264,Kareen83,590,1,2765,814
1577420312,Measta,93,16,116848,206
1577420376,Arbo04,0,3,8997,506
1577420400,Beckchen,41,3,7725,563
1577420405,SvenGf13,0,1,2336,860
1577420497,Treude,98,35,244905,106
1577420818,druide12,641,5,33030,333
1577420823,Naturw%C3%A4chter,508,1,7911,544
1577420898,CyNTiX97,0,1,26,1412
1577420929,Exekutor1,0,2,5061,661
1577420932,Moser95,718,1,719,1068
1577420938,Evian,0,1,1452,965
1577421041,Arckolos,0,1,7312,574
1577421150,Elihady,315,1,26,1413
1577421198,fredmeagain,723,0,0,1572
1577421206,Nihal95,0,0,0,1573
1577421267,Hoyos,0,1,26,1414
1577421378,bw1809,557,2,10023,490
1577421420,dextroE,659,1,4827,672
1577421455,bw180975,652,1,5954,636
1577421466,Lord+Raku,0,1,161,1205
1577421478,jones666,0,0,0,1574
1577421479,Ritter-Kunibert,602,1,552,1104
1577421519,zuppi91,88,35,224229,120
1577421608,Niv0li,557,5,15321,431
1577421618,Dude747,557,3,10040,489
1577421663,PsyTrance,0,4,17299,414
1577421673,Maximilian+Krah,0,1,45,1283
1577421687,GzuzVonNazareth,585,1,5734,638
1577421691,Nordwacht,0,5,28946,349
1577421724,Visalyar,184,12,81905,238
1577421745,Waldorfschule,0,1,156,1206
1577421760,Anonymous1,640,2,14016,440
1577421806,DerStuppi,459,3,4198,702
1577421845,Gzuzvonmaria,0,1,202,1190
1577421862,Thilo1992,219,22,130624,188
1577421874,Jane+x3,0,2,3944,715
1577421896,Ceddi77,114,7,12691,458
1577421920,FoxyProxy25952,0,1,3841,722
1577421922,shizu,65,1,7698,562
1577421926,FreddyFartface,114,1,26,1415
1577421927,Dr.+Stone,88,55,459378,29
1577421948,Mukibude,0,0,0,1575
1577421955,M4dd0x,172,17,75867,247
1577421967,Die+Seuche,388,0,0,1576
1577421985,Ned+lustig,88,67,479729,24
1577421987,LarbaXschlumpf,273,102,814106,1
1577422017,Mampfpanzer,88,55,401825,42
1577422020,Apfelkrizz,340,15,93075,227
1577422027,the+illyrian,221,30,245855,104
1577422031,Miyuki,88,59,407597,40
1577422045,gangster1525,285,1,741,1062
1577422051,Ramsi+van+hinten,0,31,118628,202
1577422053,siebzehn,61,6,11556,471
1577422087,Bad+Gones,135,3,10090,488
1577422120,AndziaPandzia,686,1,2522,839
1577422123,DrNykterstein,135,2,6247,612
1577422125,AchtungFAKE,0,0,0,1577
1577422143,Maxerle01,0,1,26,1416
1577422171,Ichmachdichplatt,88,49,370521,52
1577422173,T+y+S+o+l+o,184,19,140591,182
1577422176,Wuffels,581,3,12049,465
1577422190,Johnwayneee,135,14,71632,251
1577422199,Fade1,273,31,238213,112
1577422218,Liroy,0,0,0,1578
1577422253,Tapion95,136,27,219404,124
1577422259,Evilzero7,0,1,1930,907
1577422271,Frequenttly,217,1,26,1417
1577422288,B.Hindert,184,8,54206,287
1577422292,Fiokingx,191,39,251393,98
1577422325,Tihel78,318,4,9037,504
1577422373,lezzon,135,16,79676,241
1577422383,Dorfzerst%C3%B6rer,219,56,413892,36
1577422391,sgtmarv,770,5,20843,388
1577422407,Lady+Lilly,0,1,838,1050
1577422448,N3O-N,193,10,53184,288
1577422458,xKing+Slayer,641,5,39359,315
1577422461,Slaykingslayer,0,1,934,1031
1577422465,PX01,651,6,23117,376
1577422467,Abeking,538,5,19469,398
1577422541,HSProxyHS,0,0,0,1579
1577422561,fahaki66,318,5,20977,387
1577422563,besewoh95,318,8,28622,352
1577422610,ArtillerieChef,318,8,19501,395
1577422644,DrachenLord89,0,1,815,1053
1577422694,Alex91,98,25,176968,158
1577422701,spakken,388,0,0,1580
1577422706,Ferret+the+King,0,10,81571,239
1577422713,Jakone10,623,4,14546,436
1577422779,Lord+Zwerginald,219,40,253194,95
1577422843,Lord+Adler93,0,1,2026,893
1577422881,faxead,459,3,6424,608
1577422884,Ganno,0,1,8043,537
1577422924,TinyConqueror,348,37,251390,97
1577422958,Legit,340,27,160018,167
1577423131,xhemo,748,3,10566,483
1577423318,KamasakiBrutal,0,0,0,1581
1577423332,Ironsprite1214,473,2,72,1247
1577423412,heldensignal,560,7,24946,368
1577423427,maXNy,0,0,0,1582
1577423441,Indiefrace,340,11,22709,380
1577423471,seczetti,136,19,95686,224
1577423495,DrMaack,348,18,119941,201
1577423559,schlarpa5,348,15,84646,234
1577423712,Jopy,0,5,18364,407
1577423735,SirRoko0815,659,4,10764,478
1577423762,IsoldeMakacken,364,3,6199,614
1577423842,lorddort,652,5,17328,413
1577423865,tempop%C3%A4ckle,394,1,4035,709
1577424022,Bongschmodder,0,1,165,1204
1577424094,Corus90,0,1,443,1124
1577424122,Amused+Fonty,772,12,54396,286
1577424134,HAN09,287,1,2087,885
1577424174,SuperJo,652,4,8306,520
1577424197,WinterMorlog,0,0,0,1583
1577424207,antnh1001,465,2,4972,666
1577424231,Mivel,552,1,3047,790
1577424246,MartinLooterKing,772,6,30836,344
1577424257,moh3202,431,1,2593,829
1577424259,xVikingx,667,3,4360,690
1577424316,dwebzz,388,1,26,1418
1577424419,BlvckExotix,463,1,148,1210
1577424461,Tommyten,557,8,27455,357
1577424480,Softwaretester,465,8,46335,301
1577424494,Wilma+Poppen,0,0,0,1584
1577424503,MS395,473,1,6115,620
1577424528,K%C3%B6nigIgorDerF%C3%BCnfte,364,2,2931,800
1577424540,Panduriel,193,5,19239,400
1577424564,Bellwald99,535,2,3844,721
1577424570,GrafGrammatik,0,0,0,1585
1577424605,Husomat,0,1,26,1419
1577424627,BADEMEISTER1337,388,1,2718,821
1577424638,Ixer,0,1,26,1420
1577424676,Toewin,0,1,1048,1017
1577424712,PfandusSchmandus,772,4,38471,317
1577424717,Simi,504,0,0,1586
1577424724,oOB0risOo,0,0,0,1587
1577424728,Captcha,560,5,25910,360
1577424738,afti94,0,1,327,1154
1577424777,Alorenz,0,0,0,1588
1577424888,King+Ardy,0,1,780,1056
1577424891,AndreMantis,702,2,7488,570
1577424900,JunkerJu87,0,1,690,1073
1577424928,bubbleblub12,0,0,0,1589
1577424934,Quinov,0,1,39,1292
1577424973,DoktorDoofenshmirtz,98,17,121185,197
1577425025,Selo0o,11,0,0,1590
1577425065,Wildkatze69,688,0,0,1591
1577425078,Ciao+Lio,12,0,0,1592
1577425106,Devas,778,5,32210,337
1577425121,Mrbvb90,508,2,6608,600
1577425125,Didi2711,0,1,145,1212
1577425158,Nils1906,0,1,26,1421
1577425238,Spiderflummi,508,3,16140,424
1577425259,ballbunny,0,0,0,1593
1577425302,danqtn,0,3,6215,616
1577425333,Huuphuup12345,0,1,328,1152
1577425343,geyabous,0,1,26,1422
1577425348,Handyman0202,149,1,4091,706
1577425353,war-warze,747,4,8297,521
1577425417,Zille1,463,8,56360,290
1577425424,sh%C3%B6rtu,507,10,60799,270
1577425445,jon0796,0,0,0,1594
1577425460,Ralle+der+Eroberer,547,2,7317,573
1577425488,BlackViper69,0,1,38,1305
1577425494,knockout61,0,1,26,1423
1577425496,3Impact,560,5,21266,383
1577425516,br0by,552,20,32642,335
1577425517,Lord+Blutaxt,701,5,14373,437
1577425522,P0ntinius,671,3,4653,679
1577425527,topfmonsta,463,6,25394,364
1577425643,giny001,0,1,424,1130
1577425679,Wavemaster,0,1,520,1112
1577425748,Rubbelkaiser,0,0,0,1595
1577425761,Shevek,707,1,6124,619
1577425781,%C3%84sterix,0,0,0,1596
1577425804,GunnaderKleine,0,0,0,1597
1577425835,Waldl%C3%A4ufer,0,1,405,1133
1577425875,RudiderGro%C3%9Fe,599,0,0,1598
1577425877,Moorghoul12,0,1,44,1287
1577425886,mack011,0,0,0,1599
1577425927,Gy4six,0,1,1008,1025
1577425949,Kraemerix,0,0,0,1600
1577425952,General+Nuss,266,1,26,1424
1577426085,Kebapsama,0,1,1467,963
1577426107,kleini,617,0,0,1601
1577426184,Howdie,0,1,1756,925
1577426227,St.Erik,557,1,5102,659
1577426281,ts12361,0,1,26,1425
1577426290,Schattyyy,0,1,2376,854
1577426300,Wulfgard,0,0,0,1602
1577426305,Madness9786,0,1,93,1237
1577426317,Blacktigher,599,0,0,1603
1577426333,Pistolenkrebs,0,1,2478,846
1577426349,Mephlor,0,1,9513,495
1577426357,Finn90,640,4,9902,493
1577426372,Dolcechica89,0,1,60,1253
1577426396,BekimHH,535,1,235,1181
1577426398,ima92,0,1,439,1127
1577426471,possi43,0,1,26,1426
1577426499,Chatterfang,701,6,18693,405
1577426523,Weaver+of+Fate,560,5,16368,421
1577426533,Abdulkk61,0,2,2722,819
1577426537,Groden,557,11,74529,248
1577426542,Emreoe,603,0,0,1604
1577426568,dreibrueder,0,0,0,1605
1577426598,rizzo64,741,1,2026,894
1577426638,klo3,626,4,9871,494
1577426648,Nocyllis,508,2,7082,578
1577426694,HeinrichAbi,0,1,1174,993
1577426705,dick9999,0,0,0,1606
1577426729,Kcedus,676,1,1856,916
1577426750,Ensar61,594,0,0,1607
1577426761,Kip361,0,1,3518,744
1577426769,Pissbude3,626,1,26,1427
1577426792,SunnyRose,702,2,4099,708
1577426881,nesti97,640,4,6412,609
1577426888,Carrypotter,624,2,3235,767
1577426898,Batman,0,2,5510,648
1577426926,Lord+George,0,1,3354,758
1577426954,Rette1699,348,6,12260,466
1577426959,Lauribert,0,11,61351,268
1577427016,Sebastinian93,747,2,7650,565
1577427027,Spaceworker,0,1,2442,849
1577427032,Welt228,560,8,52944,289
1577427096,HaenkyPaenky,617,1,5809,634
1577427168,Green+Xero,463,0,0,1608
1577427188,duselber,723,1,2323,861
1577427199,contesadepolignac,667,0,0,1609
1577427273,Ikit+Claw,652,2,6260,611
1577427325,MaryMeister,0,1,288,1167
1577427478,Lord12345678,617,1,3857,719
1577427527,King+Kaiser,652,4,11457,473
1577427581,Stilles+%C3%96rtchen+3,626,3,9310,500
1577427617,lmeow,0,3,9132,502
1577427662,Bamux,599,1,34,1309
1577427669,toshia,723,1,2906,804
1577427710,Mango,722,4,7845,551
1577427717,RuppenRuppenRuppen,0,1,279,1170
1577427720,KubisDorf,0,1,5900,630
1577427753,Patrick1011,747,2,3969,717
1577427758,ClubMate,348,8,42238,312
1577427831,Madremia,775,2,5643,642
1577427842,Der+Gro%C3%9Fadmiral,0,0,0,1610
1577427852,Stiii,707,1,1237,987
1577427854,Julienohnebam,0,1,47,1275
1577427870,Don+Adi,741,3,4902,668
1577427883,Raidenxx,747,1,3368,755
1577427890,nox1392,388,0,0,1611
1577427892,JobCenter,0,0,0,1612
1577427945,Albert+Will,0,1,106,1227
1577427980,zangaW,0,1,2286,864
1577427982,cidecah675,318,1,7038,580
1577427999,galleszeit,0,2,8140,530
1577428027,Crashu,741,1,618,1086
1577428033,Kevanos,0,0,0,1613
1577428034,Shadow+TBW,0,1,126,1218
1577428059,Gahrgor,741,4,6822,591
1577428108,Joexnbg,707,3,7041,582
1577428190,tedosok,318,1,6795,588
1577428191,wedoxo,318,1,6021,624
1577428228,Aiyari,652,1,3233,768
1577428258,famejes,318,1,6731,594
1577428311,jake.mah,0,1,445,1123
1577428317,Warlock,723,2,4413,686
1577428336,Zulfurion,617,1,3310,760
1577428388,Kandorra,0,1,282,1168
1577428427,Xshocker,652,4,11609,470
1577428432,pipemem,318,1,6013,625
1577428436,RobertGOAL,652,3,5744,639
1577428447,Sirmopped,701,3,7935,540
1577428457,GerPower,722,5,10671,479
1577428564,eismann58,0,1,1070,1014
1577428595,Hastalavista,672,3,8361,518
1577428649,Schussi,624,1,1818,920
1577428698,Iak100,0,1,26,1428
1577428707,August2003,747,5,8220,526
1577428720,Hechtoph,751,5,17755,409
1577428873,Socke0676,0,1,92,1238
1577428911,Schmiddi51,0,1,1869,913
1577428920,NeoBarbar,0,1,3597,741
1577428933,Sid0815,0,1,280,1169
1577428977,Tzikguu,0,1,971,1029
1577428989,bcafce,701,3,6138,617
1577429045,Lady+Schlumpf,0,1,1174,994
1577429052,Varci,0,1,50,1265
1577429075,Markus1110,535,1,2404,851
1577429107,joosii,535,1,1698,929
1577429153,Hamster69,0,1,41,1290
1577429298,Pnok,707,3,6592,602
1577429328,Fackelkiller,751,2,8080,534
1577429390,zorntom,0,1,59,1255
1577429486,Janko94,706,2,2833,811
1577429545,Fffffm,0,1,26,1429
1577429552,PJ721,0,1,91,1240
1577429596,wildberrie28,0,1,757,1059
1577429638,disey,318,1,2882,813
1577429639,kifeje,318,1,3052,786
1577429664,Arcobaleno,706,1,635,1082
1577429674,Butterbl%C3%BCmchen,652,1,3281,764
1577429779,sothho,0,1,390,1138
1577429905,Xama,0,1,3048,789
1577429911,Lecram94,0,1,207,1188
1577429998,3lite,0,1,54,1258
1577430076,sunshine1904,652,2,4275,696
1577430111,safox,318,1,540,1109
1577430159,elmoderschelmo69,0,1,52,1262
1577430385,XxSkorpionxX,0,1,71,1248
1577430527,Bluthundritter+Darriwil,0,1,26,1430
1577430619,RobertGOAL2.0,0,0,0,1614
1577430691,King+Sarius,0,1,26,1431
1577430706,Jordam378,0,1,52,1263
1577430771,kapfinhio,0,1,2000,897
1577430988,Legolas8844,0,1,26,1432
1577431070,Mammoth+Taimer,765,1,3630,734
1577431071,R1CK0N3LL1,0,1,47,1276
1577431085,Kippo,765,1,2178,877
1577431120,Walachei,765,1,3788,725
1577431121,Lancealotle,765,1,3406,751
1577431131,the+dome,0,1,26,1433
1577431137,Amseldreck,765,2,5824,633
1577431147,Benuztername,765,2,3640,735
1577431184,langschWWERT,765,1,2279,866
1577431222,Knorpelklaus,747,1,1764,924
1577431376,Tralli12,0,0,0,1615
1577431429,Baris,0,1,2581,831
1577431539,krawall-zocker,0,1,1149,999
1577431585,PhiS,0,1,64,1250
1577431638,beeeN,0,1,26,1434
1577431660,KleineLia,0,1,177,1198
1577431678,Pyrophit,0,1,379,1141
1577431704,hudsonr-river,0,1,1965,901
1577431763,SilentBoB,0,1,32,1318
1577431805,Sunny1998,172,1,1673,935
1577431831,Ich+bin+in+der+Kaserne,191,1,602,1094
1577431918,faizer,0,1,74,1246
1577432002,alibabba,0,1,1288,981
1577432015,Robin1993,0,1,32,1319
1577432017,Battlewarlord,0,1,38,1306
1577432018,NightfallKing,0,1,45,1284
1577432037,Arathorten,0,1,26,1435
1577432128,paski,0,1,38,1307
1577432147,Tschul,765,1,500,1115
1577432358,haberdakers,652,1,850,1048
1577432583,Rindo,0,1,38,1308
1577432592,LittleQueen,0,1,80,1243
1577432594,Dank,535,1,829,1052
1577432596,Munich,0,1,26,1436
1577432662,trollifanti,0,1,26,1437
1577432664,zerst%C3%B6rer04,0,1,26,1438
1577432681,Die+Messerbande13,0,1,48,1269
1577432784,k%C3%B6niginisa,0,1,26,1439
1577432788,povixin1,0,1,769,1058
1577432867,Hustensaft95,0,1,26,1440
1577432917,Tercio+de+Muerte,0,1,26,1441
1577433122,Lord+hugo,0,1,44,1288
1577433141,strayheart,0,1,372,1143
1577433212,LilIceman1926,0,1,311,1160
1577433421,gamergirlnora,0,1,26,1442
1577433423,Pimmel69,0,1,26,1443
