20184,Gandalf+der+wei%C3%9Fe,508,1,3401,919
26680,Absolute+Beginner,0,1,779,1511
30310,KaiSau,0,1,26,2239
52534,roter+rabe,140,0,0,2481
72835,kasperkarl,266,3,3571,898
79971,MussGro%C3%9F,0,1,647,1572
88054,Gaoyong,494,2,4126,851
93974,Gecko%2A,0,3,2062,1142
104322,Taps0815,0,0,0,2482
122429,ArcDhaza,0,1,2835,1004
136338,leon.s.kennedy,302,1,2646,1034
142049,theillnes,302,1,1263,1356
186056,El+Cid+3001,0,0,0,2483
193940,Siedlerfan,0,0,0,2484
202692,KasiserValli2,135,7,37938,325
204035,Engel+desTodes,131,1,198,1893
230231,relkS,0,1,26,2240
230554,FStangR,594,2,3532,904
233335,super+m%40c,0,1,290,1805
239399,Goldnase,656,1,1134,1390
261877,Tante+Nein-Nein,702,1,809,1507
272291,good+punisher,0,0,0,2485
278715,Alfred+Biolek,0,0,0,2486
319745,freenation,348,12,39714,317
319909,Der+Held+schlecht+hin,557,1,2180,1118
323779,Krahitna,0,1,1350,1328
347067,Mr.+Buechel,273,12,76001,187
360712,doppeltack,61,16,97218,132
368090,Murmelbaechen,567,1,491,1648
387223,Mastermjk,0,0,0,2487
400157,wobroy,0,1,26,2241
405553,Dorftor,394,5,12725,557
416283,Eulenauge,355,1,345,1754
427376,viktor395591,61,11,53633,256
438853,microOdt,0,1,673,1558
461286,Der+Gangmaster,0,1,26,2242
469654,Pemi,507,8,14436,528
484127,MatthesDO,0,1,38,2187
485965,MichaCologne1,0,1,83,2035
488307,H0r5Ti,0,1,1777,1213
508179,rocklee44,0,0,0,2488
550694,toni2805,0,1,686,1548
553757,Aschilos61,0,1,327,1770
558807,Max1%21,0,0,0,2489
592678,wir+eben,201,17,86719,158
596389,Biggi+S,652,2,3801,877
608497,meluana,656,1,2228,1107
611188,maverik,41,27,178761,25
624214,Atariandi,149,1,1092,1399
625537,CrowBlackHorse,707,1,2277,1093
629516,Skaterffm,147,1,2730,1019
632653,Sepp+von+Drazdany,590,5,16530,501
670761,kirtap000,0,1,1375,1322
682881,Brausi,0,1,440,1686
687990,dilo123,0,1,204,1887
697125,Finding+Forrester,0,1,1757,1220
697324,MrJohnny,0,1,47,2150
705282,Jacky+Jan,679,1,6559,717
717085,soulfly111,0,1,26,2243
737987,Robert+Baratheon,0,0,0,2490
767514,Suse1979,0,1,38,2188
781161,Philipss,640,1,1709,1235
809343,Merdio,0,1,280,1812
831449,FCZ+und+EVZ,93,15,96830,133
835383,Mark1990,640,1,215,1874
840147,Black+Willy,617,2,4351,838
858526,schuschei,0,1,325,1772
866518,tatanka-yotanka,93,5,17594,487
875525,langer45,0,1,1062,1412
877270,McFarmer757,102,5,19545,471
882734,Mr.Lange,0,1,607,1591
923922,gladiator6,0,1,1170,1376
923924,Najafe,219,13,76261,185
941519,bibi100,120,1,876,1472
942831,Gatz,648,0,0,2491
950295,sk1963,184,13,56878,246
950620,nici55,0,1,26,2244
957722,wolle40,667,1,674,1554
965430,Nygel,707,1,2573,1040
966986,de+Schmid,0,1,26,2245
971163,Chaosplayer007,273,19,83247,166
973186,die+Sauerl%C3%A4nderin,0,1,3170,955
978090,Emira,0,1,321,1776
982237,Lieschen33,0,1,755,1520
984847,Sunny+7,0,1,38,2189
998056,shiva+10,0,1,818,1504
1003622,huba1,566,5,16906,493
1029073,Sp33d1990,547,2,6270,724
1078147,pedaner,606,1,5246,788
1122873,jupiterms,137,1,1782,1209
1125583,Mickylein,507,5,7982,667
1149354,OTTO+der+14.,566,2,3051,974
1160190,Tungil+Goldhand+2,737,1,1895,1185
1181373,verus,388,10,35124,347
1184529,Flatussi,0,1,399,1711
1194094,Krababel,221,17,122211,81
1195917,steinfeld,0,1,653,1570
1222045,VW+Golf+1,364,6,21226,454
1222552,basakum,553,5,17200,490
1253682,73PEGASUS73,0,2,623,1583
1289661,i3l%40ckterror,138,9,13659,538
1296370,Tanitha,180,1,318,1782
1305273,Bart95,0,1,1531,1276
1338961,bringenix,0,1,2053,1143
1375412,ulrich-ag,412,2,3582,895
1385733,haniced,590,3,11904,570
1394369,proppa,0,1,2355,1074
1406735,sir+drewes,11,3,11773,572
1406771,Powergirl+4ever,701,1,2703,1023
1428213,diedadu,182,28,179172,24
1430117,calvinho,340,6,26482,404
1431783,Strobeller04,0,0,0,2492
1461885,Lord+Balardir,209,1,2379,1069
1468730,Praseodym,0,1,26,2246
1476550,Linde+100,0,1,3858,871
1497364,l%C3%BCkass,746,4,11589,574
1509418,Gangster+Lord+MW,0,1,380,1726
1533091,Popen+1,508,1,394,1714
1547124,HijaDelFuego,566,5,13017,548
1549830,1.fsv+mainz+05,0,1,129,1980
1587999,lucky0211,0,1,360,1738
1609670,DeathTerrorChild,0,3,12935,552
1610252,Deathmaster1988,604,1,336,1762
1625740,Wie+ich,590,3,5260,787
1640677,Hermanvaan,625,1,666,1560
1682039,DieseZwei,183,28,164684,40
1683447,chickengourmet123,388,7,26416,406
1684295,MWKiller80,0,1,55,2092
1706835,Biker750,84,0,0,2493
1728057,Playa+Bouys+Vernichter,0,1,201,1888
1731065,hubba+bubba+rolle,183,31,128609,72
1739659,rusden,0,1,38,2190
1740526,Rabatt,706,1,1818,1197
1748502,maik1974,0,1,397,1712
1751697,wolfen+stein,0,2,2557,1044
1758025,JuliaS-CD,0,0,0,2494
1759036,BenjaminBremsspur,12,1,1389,1317
1765590,liebesbotin,273,12,53575,258
1822321,pahli,0,0,0,2495
1851296,the+dark+lord+of+death,0,1,26,2247
1852630,EpicRuleZ,146,0,0,2496
1867955,Madissen,0,1,1799,1217
1879214,cashback+solutions,418,4,11463,577
1882792,mato1199,93,8,47911,283
1884528,holzbob+und+co2,0,1,339,1760
1902642,King-Kenan,741,1,496,1645
1908874,Rojiblanca,459,2,2243,1102
1910845,firms,643,1,1778,1212
1928966,svandy,394,0,0,2497
1933708,asti01,0,1,708,1540
1934876,laolamia,31,1,949,1450
1941837,Levius92,0,1,63,2075
1969158,luciver1,710,2,1574,1263
2035856,Beowolf+der+Wahre,0,1,515,1639
2049553,Ak7i7ra,705,1,1147,1386
2050699,Benni+15,504,6,10634,595
2060664,Frechdachs69,0,0,0,2498
2064253,postguru,0,6,20364,461
2069066,AndiDTI,0,1,214,1875
2069613,voliimann,44,1,216,1872
2076582,die+B%C3%A4rtigen,0,1,163,1938
2078242,Flo+Hoege,0,1,1452,1300
2078310,ManZel,0,1,26,2248
2086245,Fietello,394,0,0,2499
2088879,Ringo813,557,1,3475,910
2101742,hallodri61,178,1,2012,1154
2129417,No+Angels,0,1,480,1655
2134979,ullner,567,1,5458,779
2148643,Der+Ruhige60,217,2,5377,781
2177751,Graf+Blacula,0,1,1982,1161
2184767,chania,0,1,197,1894
2199738,Gandolan,180,1,353,1749
2216242,sparti+andreas,0,1,233,1856
2219529,Herly,0,1,332,1766
2227361,stefan+der+tapfere,0,1,26,2249
2250267,Lord+Morgans,641,5,29400,390
2255761,fatboy16,0,1,2430,1062
2273760,xXDonLeoneXx,0,1,169,1933
2301025,ickebins,0,1,75,2052
2315727,stifen14,0,1,26,2250
2326023,Ata+Udal,641,6,30240,384
2327490,Marino+Rot,0,1,26,2251
2351874,Raaawrr,692,1,1117,1393
2375326,olliwilli,98,12,52683,262
2376206,Gery+15,0,1,26,2252
2398206,Theaterhexe,0,1,26,2253
2415946,aichi95,0,1,26,2254
2419844,Fl%C3%B6hl%C3%B6le,459,1,4219,845
2444984,Bauernsepp,0,1,1514,1280
2459325,Engen,28,18,107481,111
2459855,The+Reason+of+Hell,0,1,2242,1103
2475332,0664,0,1,308,1790
2519487,Fri%C3%9F+wie+nix,0,0,0,2500
2522339,Sir.Snoopy,0,1,323,1774
2543815,Avalon68,0,1,160,1942
2558186,bastel+der+kleine,20,0,0,2501
2560242,DaSilva1978,466,1,496,1646
2598646,snakev12,0,1,312,1792
2634628,izou,0,1,218,1870
2636022,myron12310,0,0,0,2502
2740929,wikinger1978,0,0,0,2503
2762594,j%C3%A4nnik,643,0,0,2504
2779332,L%C3%BCttringhauser,0,1,603,1595
2783785,innok,0,1,294,1796
2790617,Busch+Dorf,0,0,0,2505
2795268,mini+alf,0,1,97,2008
2806651,Mr.Meier,0,1,2087,1135
2811774,%C3%96l%C3%BCms%C3%BCz+Kahraman,0,1,679,1552
2815150,alf11,0,1,642,1585
2836777,Markal,508,1,2087,1136
2839066,g%C3%B6ritzerandiundco,732,1,356,1746
2843385,back%2A+to+Home,340,4,16784,497
2857509,das+kleine+Drogodil,183,18,76396,182
2865628,tankris,652,1,1745,1223
2887937,King+Lothar+3,743,1,362,1740
2914673,thebestmarcel,476,0,0,2506
2942156,vler,0,1,850,1486
2950142,Raindl,0,1,4230,844
2971190,Bloodravenn,0,1,850,1487
2981106,LiiKeAFreaaK,0,2,1780,1211
2987629,Grauhelm,567,1,1203,1370
3004324,Far%C3%B6er-Inseln,28,19,103556,118
3031561,Fighter93,0,0,0,2507
3036004,Ronny+X,0,1,1207,1367
3037125,DomiLP,0,1,371,1733
3049622,der+pan,163,6,20141,464
3056942,schlumpf+19,560,5,10437,602
3069536,J.M.M,41,13,74163,190
3100947,Michel+der+Grausame,0,1,1074,1407
3102093,jp110,0,1,144,1963
3126354,Sarador,685,2,5628,765
3132750,ElConquistator,659,1,2227,1108
3144164,kampfzahn,602,1,1312,1342
3148789,schlaudrafff2,149,1,616,1587
3159232,Dominik+16,0,1,848,1499
3203552,Diroan,501,1,5596,768
3225350,Grafzahl1871,364,10,48517,280
3271179,Sir+Schmieder,0,1,517,1638
3280737,Cody-Maverick,0,1,169,1934
3287479,xaver39,0,1,333,1765
3289760,michi01288,120,2,6165,727
3292451,Chrisi07011994,0,1,38,2191
3323662,SilverBig,0,1,1081,1403
3345087,keiler-105,0,0,0,2508
3354524,KillBill888,147,0,0,2509
3365545,GsC+Fighter,560,5,15837,512
3390945,weichi96,641,2,13324,544
3392858,Engelskrieger+8,0,1,191,1900
3406340,ben+bogen,0,1,2528,1050
3441753,bastiiiiii,147,1,26,2255
3441985,Hobbit+der+Grosse,0,1,105,1994
3449459,Trochaeus,659,1,1770,1218
3466474,Alexander+der+sehr+gro%C3%9Fe,0,0,0,2510
3482074,P%C3%B6ses+M%C3%A4dchen,541,2,3063,970
7618010,albion15,0,0,0,2511
7622170,AchimT,735,4,13335,540
7624025,yugioh13,701,1,2043,1147
7629430,Mavez,0,1,307,1794
7629469,TampaBay,0,1,26,2256
7639221,The+Phantom+007,0,1,1280,1357
7649589,Pacmin3r,388,8,19360,474
7684064,%C3%A4hm%C3%B6hm,219,15,64350,224
7701015,kenny0007,0,1,54,2095
7710372,leymic10,0,1,50,2126
7723961,Pommes09,667,1,2912,990
7733302,050656,394,0,0,2512
7753355,Optikk1ng,11,6,34664,349
7755816,ZeCeKahn,348,8,25327,416
7780921,till500k,0,2,1490,797
7785993,keutschi,640,1,2681,1027
7791908,hamma357,58,1,1727,1231
7805538,Matzerot29,0,1,268,1827
7810677,Haucky,0,0,0,2513
7812730,PASSI+70,504,6,24283,424
7857985,Easygoing,0,0,0,2514
7860348,Vollmond62,0,1,181,1914
7869219,zerstorer+0,61,7,39723,316
7873819,Gerhard1950,0,1,665,1562
7884843,Elmanco,0,1,296,1803
7890448,ThePurge187,388,2,6237,725
7899036,max+aus+der+tube,0,1,26,2257
7917254,Marco199601,0,1,289,1807
7927220,merle+60,201,7,33815,355
7928577,Philippooooooooo,0,1,47,2151
7935866,Captain+Sicarius,464,4,8056,665
7944359,dragon1967,186,1,102,2003
7961799,REV-Bremerhaven,463,8,38252,322
7966151,Lo0xIs,0,1,376,1730
7970769,Phosby,186,1,1631,1253
7979971,nonamePDG,98,25,105990,113
7994465,5+23+634,52,0,0,2515
8014171,Zaphod+B.,269,2,4184,846
8033485,gerwolfen,93,9,54524,252
8036481,Robin03,685,5,22916,438
8037033,princess+lea,0,1,345,1755
8039582,Rafael22,0,1,38,2192
8046448,fanaticaldios,0,1,201,1889
8049397,Wasserhund,0,1,1970,1166
8065332,-sauger.exe,219,24,156115,48
8071280,xXHorst+OliverXx,0,2,3493,906
8091743,Hoge+123,0,1,367,1734
8106617,Skibius,0,0,0,2516
8110441,ANeu,0,1,483,1651
8151704,Davenmore1994,0,1,26,2258
8153826,--BARROW--,0,4,9647,617
8165657,Beriel83,0,1,884,1466
8172660,Leonidas+d.1,56,17,123796,77
8184685,Lord+von+Klingen,0,1,196,1895
8194421,niggl97,0,1,26,2259
8194909,Mundimat,508,1,2846,1003
8195285,sigurd+von+emsland,219,13,53621,257
8198259,Tiger1896,722,1,3409,916
8198979,JustCallMeDaddy,0,1,26,2260
8206174,LevinFox,0,1,67,2073
8207383,Opa54,0,1,3570,899
8214432,banane1314,0,1,2575,1039
8227714,Tarrian+Drachenzorn,0,1,1267,1353
8247237,kokojo3,0,1,1143,1388
8247637,bocki62,567,1,2046,1146
8260921,Graf+Herzer,0,1,200,1897
8277166,Held+der+Nordfront,647,1,1439,1302
8280090,hart112,724,1,1076,1404
8290526,isgimlie,45,1,247,1838
8297659,Simon1704,713,8,25422,414
8313863,Betonmischer,0,1,317,1785
8318630,Dewa30,679,7,43892,291
8340405,Graf+Braticus1,140,1,939,1451
8342200,Pferd+mit+Schwert,340,5,36351,340
8354082,AndreasI.,460,1,584,1603
8381239,Dr.Deadpool,566,5,8178,659
8387310,M%C3%BChlenwirt,0,1,149,1955
8393437,Avalanche,18,0,0,2517
8397652,Vinditgader,473,1,3265,934
8446345,Charly+Haper,590,1,3184,962
8449541,Svan+I,0,1,2049,1144
8477631,Harakon,0,1,26,2261
8484618,Sir+DJ+der+Gro%C3%9Fe,191,4,22076,445
8487021,graf+pit,0,1,222,1876
8499492,Orcc,0,1,26,2262
8499874,Weiberj%C3%A4ger,556,1,146,1964
8502900,AlexanderDerDicke,0,1,1708,1236
8503386,Kampf+moni,0,1,1287,1347
8512513,SirCorgath,0,1,26,2263
8515428,ZZacharias,466,1,2854,1001
8541644,Actionis,88,5,30259,383
8556155,sg7394,0,1,594,1599
8582892,Linkinagainst,93,15,93521,137
8590904,zitronenkuchen,473,2,4055,854
8593889,Dark-Horse,0,2,2961,986
8608508,sony71,470,1,2333,1081
8614659,Dr3coN,221,25,157585,45
8642530,Alleinverdiener,201,7,25723,412
8644819,speciaL%2A,713,3,7287,686
8658286,kevin8000,0,1,554,1612
8658316,k%C3%B6nig+ewig,140,1,4411,830
8658681,Ernesto+1962,707,2,3532,903
8682164,erztttt,0,1,75,2053
8688532,--Atropos--,0,1,26,2264
8692893,china1995,0,0,0,2518
8699223,peelo,0,1,1565,1267
8704003,Aegon+Targaryen,0,1,2288,1095
8707591,sch%C3%BCtze28,0,1,26,2265
8708014,Yoshi+pwns+you,0,1,147,1959
8711026,Dakoch,0,1,26,2266
8722163,Tamil+King,733,1,900,1462
8731786,Sea+the+Stars,0,1,26,2267
8740368,Eiserner+Gustav,439,2,3922,863
8748138,A.+S.,0,1,136,1976
8752200,Erik57,602,1,446,1679
8757542,hydra66,0,1,760,1519
8760427,Vorsicht2,0,6,26999,401
8777278,lotti22,0,1,748,1523
8782289,fabs88,0,1,52,2114
8788540,Feldwebel+Schmidt,0,0,0,2519
8797383,Swissfighter01,355,1,411,1700
8799798,bluedisi1,0,1,26,2268
8803403,paulsener,0,1,100,2005
8807331,madmind02,355,1,362,1737
8810355,killer+3000+l.,0,1,26,2269
8812496,N0ki,560,5,17643,486
8822016,Leviathania,41,10,68024,207
8825148,larstheking565,0,0,0,2520
8825760,Me+pwns+you,0,4,16829,494
8827685,-killer-94-,0,1,38,2193
8848576,maddexd,0,0,0,2521
8860225,scirocco09,149,1,2276,1094
8871452,Iridin,508,4,6897,701
8871990,Dragon+Castle+Heart,459,1,4310,839
8880253,X-Tempo-X,0,1,1015,1427
8884775,Hertha-,0,1,26,2270
8904551,Prof.+Grandus,0,1,51,2122
8914934,BozZZinAr,50,1,2503,1052
8924265,David+Ross,607,1,2316,1083
8932566,oloc-acoc,0,1,38,2194
8933237,wagto856,0,1,1063,1410
8951711,Sea-Kay2010,0,1,542,1616
8963585,Kiohyme,706,1,3183,951
8966513,Sims3000,0,0,0,2522
8967775,Geralt+von+Riva,184,16,109376,109
8970177,BloodPax,41,14,95208,136
8978282,Aomic,0,1,234,1852
8983119,Miss-Persidrall,0,1,427,1690
8986612,T%C3%BCtenjoe,0,0,0,2523
8988785,technoknecht,0,1,26,2271
8993459,miss+sofie,135,7,38319,319
8998392,Praditorx3,0,1,392,1715
9000318,Alphaboss967,671,7,26360,407
9018960,Nachtweide,0,1,3300,930
9053060,Lord+Rob,219,16,91262,142
9056769,helmi59,0,1,26,2272
9070248,ChiefShaNone,630,1,2340,1078
9078316,stemmprofi,98,20,113443,103
9091034,BaronBlack,0,1,44,2174
9099199,revenger53,649,1,447,1677
9124434,Eisi-is-back,535,1,697,1549
9125957,sasharex,0,1,81,2037
9126777,Graf+von+Salzgitter,750,1,172,1929
9127805,AR-OX,209,2,12200,565
9132493,RaZE+pWnz+EU,0,1,26,2273
9133304,Zar+der+1,716,1,1853,1190
9148153,chatmuffel,0,1,417,1695
9151060,TrueLove.,0,1,61,2077
9154837,alkal2,0,1,55,2093
9156193,Schinuscha,0,1,2235,1105
9168703,Apeal,0,0,0,2524
9173861,dieweltmacht,0,3,4639,816
9179327,Verchiel,0,4,7549,681
9185883,Skjelbred,560,6,19109,476
9196619,Kelosch+loos,183,28,171093,33
9218780,asdfghj1,0,1,26,2274
9219282,Mariechen+Jolie,12,2,1001,1432
9226363,Hummelnimpo,364,10,29959,387
9228930,Hells+Bulldog,0,1,46,2159
9234327,SIR+ASCHI,504,6,20295,462
9234645,DasHelge2,590,1,3407,917
9238203,Fraglich%3F,221,23,176179,30
9240321,minus2,0,1,98,2006
9241040,Cooky1900,557,5,12737,555
9256610,S71ngray,0,1,26,2275
9256749,Thor010,0,1,249,1837
9258814,Bulle27,209,2,6633,713
9259336,Der+Dorfdepp,0,0,0,2525
9265026,Injection400,0,0,0,2526
9277363,Terrach,0,1,3805,876
9287475,Pausenk%C3%B6nig,595,1,566,1608
9288296,Joey-Jordison-,0,1,38,2195
9289624,heine56,0,0,0,2527
9297409,Tarrja,0,1,722,1533
9306541,Uwe752,0,1,745,1525
9311844,Lord+Nico13,93,4,30461,378
9325868,marten+der+3,0,1,26,2276
9327320,j%C3%A4ckJ%C3%A4ckJ%C3%A4cke,340,9,42640,298
9328014,feno123,550,1,774,1515
9334397,Flomas,0,1,92,2019
9344200,Masked+Man1995,0,1,344,1756
9350836,DirtyAlkorZ,0,1,26,2277
9352041,Felix1006,0,0,0,2528
9352758,felixzo,0,8,32076,366
9355345,falke077,0,0,0,2529
9359322,Ibimen,589,1,1684,1244
9370888,Katla-Kolgrima,61,5,23805,433
9377141,Luxtra,154,21,124147,76
9378705,smilyface2,0,1,202,1885
9383411,keiler1700,0,0,0,2530
9386192,FeeApple66,0,1,26,2278
9387955,lucaBMX2,0,0,0,2531
9389262,Dj-Kio,0,1,26,2279
9390152,amanak,221,42,245937,6
9398528,SirAntro,0,0,0,2532
9400227,Bornok,0,0,0,2533
9400444,Vypo,720,1,762,1518
9401829,timay112,476,6,21415,452
9408454,maxel001,302,1,4297,841
9422279,Castro,340,12,64470,222
9424975,Pepart24,17,1,26,2280
9424979,Lokez,17,0,0,2534
9442447,snowdruss,662,1,260,1828
9442904,ilana22,640,1,3864,870
9443789,Die+Glatze+01,706,1,2155,1122
9443875,Stoupe,0,1,270,1820
9449450,Big+Taurus,219,11,56870,247
9452098,Spike2009,0,5,8506,653
9452154,Shirshu,0,1,26,2281
9465155,%2ANameNichtGefunden%2A,0,0,0,2535
9471422,Diiviine,302,4,8971,639
9473903,Galileo,12,1,460,1668
9474313,VOSSI+der+Gro%C3%9Fe,0,1,1914,1179
9478306,AfgBoyS,0,1,26,2282
9480039,bulletformyvelentine,0,1,472,1662
9482271,sylle1,0,1,31,2234
9484865,Dragongranade,53,0,0,2536
9484892,Olyrien,656,1,2286,1089
9486136,-Alpha-Wolf-,463,1,5776,753
9496793,Zauberkiste,172,20,136023,64
9503439,funny+but+deadly,0,1,774,1516
9509690,Roter+Teufel%2A,606,1,4673,814
9519285,Elejungle,61,10,43381,293
9522244,Masch112,0,1,46,2160
9536016,Gigggs,0,1,54,2096
9536545,Lacud,0,1,26,2283
9537555,specki1992,0,2,6813,705
9538279,player52d,0,1,26,2284
9552091,BigDog,0,1,48,2139
9553851,sawdelia,18,1,407,1713
9557342,Globetrotter1,0,1,69,2068
9581476,Wow4ik21,0,1,2008,1155
9582483,Serbianac,581,6,29420,389
9584271,bayanmonaco,231,1,6667,711
9585882,Ikn0w,0,1,5720,758
9586106,muschelmj,0,0,0,2537
9592129,Alexander+3012,0,1,2577,1037
9594338,andi97912,0,1,998,1434
9596589,VeeAyKay,685,3,10214,604
9597121,lordofwar1997,0,1,48,2140
9600580,heropz,191,9,48315,281
9613917,fireCannon,0,1,606,1592
9616906,turkeyboy-99,41,10,48730,279
9621806,Curbii,88,16,91133,143
9623859,N+o+v+a+a+R,0,1,1372,1323
9636145,FloCommander,0,1,122,1981
9638064,LeiderGeilesDuo,547,1,2519,1051
9639955,DarioDerBoss,0,1,70,2065
9647496,Phaith,12,1,3110,964
9648936,Arbeitslos.,0,1,38,2196
9652863,GerWarHD,184,18,104992,115
9655911,kaha2,0,1,1508,1283
9659252,DarkWoman15,0,0,0,2538
9660538,kr%C3%B6sus+13,0,1,2215,1109
9661226,BLOCKBUSTER99,0,1,54,2097
9661517,FBI+Ranger,0,0,0,2539
9662313,ladykiller140,0,1,26,2285
9666061,rodrigues66,0,1,94,2015
9668688,DogPatch,0,1,249,1843
9674526,MyNameIst,684,0,0,2540
9675994,theMinehamster,0,1,51,2123
9677653,schnetzi,0,0,0,2541
9678265,Tomawhok,0,1,777,1513
9679076,Lanzera,0,1,195,1898
9682891,Free+Flipper,0,1,57,2087
9683680,flake45,0,1,422,1693
9693465,sandracia,560,4,9957,609
9699642,TiMnEw,0,0,0,2542
9702405,vihane+noor,236,0,0,2543
9707878,Flexi+Hardweg,88,46,233946,8
9710089,Schlaubi+Schlumpf,0,1,38,2197
9710353,Watt+machse+da%3F,0,0,0,2544
9712134,GrafvonT.,0,1,867,1489
9712251,CrazyCore,20,0,0,2545
9720637,Midnight2k,135,8,9322,625
9728861,XxDragonKingxX,0,1,1527,1277
9733209,kleine+hexe+44,0,1,704,1542
9734932,Karambajule,656,1,2065,1141
9735525,Fapuuuu,0,1,26,2286
9745750,domy0s,553,1,2536,1049
9749163,Pricksen,93,6,40653,309
9752551,ArturGollom,560,5,16371,507
9754024,LovesCookies,0,1,38,2198
9771141,Biermeister1,178,1,219,1867
9788935,BITCOIN,28,15,100550,124
9791647,ktm-duke,140,1,5055,798
9802462,Lord+4-EvEr-AlOnE,697,1,2569,1042
9809725,Mark170996,0,1,26,2287
9813857,Eggemann123,0,1,627,1581
9814006,Lord+Springer,0,3,6341,722
9816342,tim1234tim,0,1,44,2175
9820256,la+p%C3%BCppi,463,5,18338,481
9820518,OhrpheuZ,566,4,10665,591
9821670,lordrocky1,287,1,486,1657
9830022,Lord+bayernd%C3%B6del,287,1,1850,1191
9832031,C4rh4rtt,671,8,51830,268
9835737,lord+lulu+13,0,1,384,1725
9837505,holzticker,0,1,32,2225
9840269,mc477,705,1,1806,1199
9845102,AlarmstufeKoks,0,1,26,2288
9849432,Lord+H3iland,0,1,870,1475
9865268,R3sG+Chiller,11,6,38232,320
9865462,ryiiz-,41,16,90254,145
9871136,magnum16,463,4,6788,707
9875658,Guckusele,0,1,2425,1064
9876252,geriboy200,735,0,0,2546
9878056,LadyMariaII,201,15,97553,131
9878288,Der+Einzige+Schl%C3%A4chter,0,1,151,1952
9879935,Champp,0,0,0,2547
9883742,luchse,476,7,36195,341
9888583,Alphax+Industries,599,1,1775,1214
9897973,hondahorst,0,1,920,1468
9898251,Takumi141,93,7,26840,402
9902446,Gr%C3%A4fin+Dracul,735,5,7793,673
9905526,marcokettl,0,1,94,2016
9905764,Mumubob,183,23,161714,42
9906587,Aschenbasher,0,1,26,2289
9907517,atze276,0,1,158,1944
9909037,mc+morrice,56,19,117612,93
9915885,Pit1898,741,1,2087,1137
9930153,Cranky23,0,1,26,2290
9937023,Aeternes,0,1,26,2291
9946261,Frozenjunky,93,11,71593,198
9948317,Jan1887,0,0,0,2548
9950010,Error.404,651,3,11185,581
9955598,SteveToddi,348,6,26137,408
9956669,T+R+A+S+H,88,21,136303,63
9960147,TEST-SPIELER,183,11,67020,213
9971256,coutgh18,0,1,32,2226
9974133,Perseus+1900,0,1,26,2292
9978026,Carl+Johnson,318,2,16591,499
9987921,Ploox,273,11,51537,271
9992442,YungKafa,135,7,36808,333
9994989,Mike4994,0,1,26,2293
9997229,Goofeh,0,1,26,2294
9998637,mcr2,0,1,1538,1278
10005335,Joel+Noet,0,1,1004,1431
10007100,TnG+Moony,0,1,318,1783
10011662,Adler0123,0,1,103,1997
10015030,Evgeny+van+sadykow,0,0,0,2549
10017645,Alexx+der+Gro%C3%9Fe,273,6,46370,288
10022512,Lord+Klug,449,0,0,2550
10024490,Braiser94,0,1,26,2295
10025757,Hann96,11,6,38573,318
10028320,alterhaselassmichinruh,0,1,271,1819
10030938,Lord+ackylos,0,3,2573,1041
10034424,Khazadl,18,3,1829,1196
10039871,Paulosaso,535,1,77,2045
10040927,Herzog-Stiffler,512,1,1215,1364
10043221,FS4L3X,221,28,183294,22
10045837,K%C3%B6nig+Heerscher,741,1,975,1440
10047033,odinsherr,0,3,4010,857
10047231,JannikSch,0,1,96,2011
10051553,Hammy2008,0,1,238,1848
10053170,BlackRooXx,84,0,0,2551
10058403,2-Freunde,201,11,88837,151
10071854,xHaMe,0,1,26,2296
10085300,RayBarone,748,1,1075,1406
10085464,Lumilotta,0,1,26,2297
10085518,Lord+%C3%84ppelwoi,685,1,5656,762
10095098,nilshs,0,1,91,2021
10097263,Kili131,0,1,642,1573
10121028,Stonehead,355,1,2193,1115
10122818,Jenne96,11,4,32957,361
10123464,christian2905,0,1,3259,938
10123809,Hurric,364,6,21157,456
10135618,Alcandia,394,3,2707,1022
10138043,Der+Frosthauch+des+Todes,470,1,2280,1090
10147156,Graf+von+Bayern,0,1,86,2028
10157803,Ken+KanekiX3,221,39,277663,4
10163948,eMuZa,0,0,0,2552
10176904,xSiicKx,273,17,88808,150
10187299,Pato001,624,2,6311,723
10188187,Mikel,201,30,164562,41
10189924,Lady+IvIii,0,1,53,2106
10192406,letenor,273,10,51919,267
10194163,Lord+nicken,701,1,1859,1188
10197239,PyramidenverleihRamsis,201,9,51633,270
10208186,Plague+Doctor,182,31,191576,16
10213364,Lord+Arthurios,0,1,2254,1101
10214630,Provide,0,1,26,2298
10220179,Death+Squad,88,29,182457,23
10235247,Robinakis,0,1,1686,1260
10236499,Alexxx19,0,1,1357,1326
10241668,BlackOperator,0,1,5534,774
10260945,Adolf+Peter,0,1,4863,806
10272011,MeynaX,0,1,26,2299
10275134,lanlar71,0,1,718,1541
10277944,Buchling,0,0,0,2553
10291996,-LassKnacken,0,0,0,2554
848880878,Pr0j3x,0,0,0,2555
1575845917,PAIN76,0,1,26,2300
1575846293,mannyboy,0,1,651,1571
1575853380,Dana-cup,643,0,0,2556
1575859873,Mini313,0,1,47,2152
1575860894,-Paze-,163,2,10577,597
1575866300,K%C3%B6nig+Laotse,0,1,52,2115
1575877767,123456789snah,287,1,866,1477
1575877996,ms9969,149,1,788,1510
1575887944,KariZHma,564,1,52,2116
1575893472,das+d%C3%A4mon,0,1,3693,888
1575894127,bguen,0,1,532,1625
1575899232,tojo1812,627,1,544,1619
1575927665,Bonniii,0,1,219,1868
1575930013,incognito777,140,3,8975,635
1575930085,timhentke,0,1,60,2080
1575932842,Scandrala,0,1,26,2301
1575934436,Pinky1+and+the+Brain2,0,0,0,2557
1575954863,white-tekk,741,1,351,1751
1575962873,Batl.+5222,463,4,11168,582
1575968781,Mondguggerin,0,1,521,1635
1575976599,briesti91,0,1,606,1593
1575980530,DontFightMe,219,15,82373,172
1575989858,Fightlord5,0,1,2240,1104
1575990071,bass+nr1,183,7,37246,330
1575991470,Warlord+Thor,355,1,639,1575
1575993350,IMyst3riuMI,659,4,7292,688
1575993768,Hexemaus,0,1,26,2302
1575998086,Methusa,0,1,26,2303
1575998384,fbqrs,590,1,2074,1139
1576002959,EmynMuil,0,0,0,2558
1576016461,smirx,184,4,23447,473
1576021081,-3x-Bilbo,553,3,11885,568
1576024158,spillgates,640,1,1546,1271
1576030072,XxRaxZxoRxX,0,1,3946,862
1576033160,Luftfeuchtigkeit,0,1,26,2304
1576049187,dark+knight88,0,1,1287,1348
1576051651,Lord+ORLANDO,640,1,1116,1395
1576053678,Darkrhunn,0,1,88,2025
1576061878,pandared,201,15,62300,232
1576064820,Nyko,0,0,0,2559
1576065532,KINI+der+Pate,0,0,0,2560
1576070918,Lady+Nobody,662,1,910,1459
1576081687,mcnixi,0,0,0,2561
1576086539,KeinPlan,0,0,0,2562
1576092282,sim125,599,1,2966,985
1576097827,kuschu,652,1,1152,1383
1576100942,F%C3%BCrst+Duncan,0,1,86,2029
1576109161,Arcanthos,184,13,51464,273
1576111995,moepolo,102,8,42720,297
1576112529,eddilev,606,2,2439,1059
1576115917,Schwarzer7umor,0,1,602,1596
1576118108,Ilias1020,473,5,12901,553
1576122141,Swapmeet,367,1,255,1833
1576125465,Kalexel,219,13,83780,165
1576126433,Eule7,507,5,13010,550
1576138691,DieGallier,0,27,113254,104
1576162412,Benny8,0,1,357,1743
1576171862,Eomer+der+Gl%C3%BCckliche,0,1,103,1998
1576173702,vHunTerZz,28,14,82529,171
1576175606,Ghostdeeds,390,0,0,2563
1576178066,Daemon+Targaryen.,221,39,238539,7
1576182285,OFazeO,0,1,46,2161
1576184924,lukulus,0,0,0,2564
1576186414,MugiwaraX,0,1,26,2305
1576190061,MrVolli,209,1,1461,1297
1576192434,Republikaner777,0,0,0,2565
1576192469,ALPHA-KNECHT,0,0,0,2566
1576201684,.Benzin,656,3,5159,793
1576206906,vivalavitaloca,0,0,0,2567
1576237852,Raton,0,0,0,2568
1576241868,allstar98,566,4,10065,608
1576256779,Sandokan3,550,1,3716,886
1576264125,FCBNr1,0,1,96,2012
1576267637,K%C3%B6nigdererde,655,1,1246,1361
1576268569,BlackDevill,0,1,3001,981
1576270672,xXCleptoXx,550,5,13055,549
1576270972,Morgane,734,1,550,1613
1576272508,DanjePetzold,0,1,48,2141
1576279686,Unaufhaltbar,0,1,335,1763
1576280846,Leevu,0,1,2586,1036
1576287406,ecki91,0,1,1993,1158
1576299358,and95y,348,6,13330,541
1576300352,Lord+Primetime,93,6,34334,353
1576302819,Kartenrandschieber,154,12,69518,201
1576310814,coolsam5000,0,1,95,2013
1576328662,-sturmdrang75-,305,1,476,1659
1576329042,brookfield20,0,0,0,2569
1576329786,belo2014,0,0,0,2570
1576331207,archevil,0,1,26,2306
1576337757,Tenno+of+Nippon,439,1,543,1622
1576338232,langenberger71,191,21,130630,70
1576339748,Lassmal1baun,273,30,191228,17
1576347628,mollidk,0,1,1316,1339
1576348538,RASKO,0,1,44,2176
1576348865,Shadowfighter+9,624,1,2348,1076
1576365354,Lady+Maralla,252,1,3140,961
1576366062,killerbiker,263,1,1497,1289
1576367462,Hanssnah,644,1,3971,859
1576367854,Dinique+the+G,88,24,127421,74
1576376796,hamlet+2,437,0,0,2571
1576379364,Unterwalden13,0,1,26,2307
1576385702,megalu69,735,1,716,1534
1576397597,Gold+Whey,184,12,65051,219
1576397782,Gumpi,0,1,407,1704
1576400108,SePaxRe,476,3,8307,657
1576402134,Hasenburg,640,2,3559,901
1576402283,derPatenonkel,659,1,1686,1243
1576409112,Noely,473,3,4989,799
1576416278,mystery+castle,183,15,71889,197
1576418916,cowboy08,701,1,1271,1352
1576419303,Darwin94,0,0,0,2572
1576432538,Ken+Shiro,418,5,13886,536
1576442467,Lady+DarkyTeddy,291,0,0,2573
1576446206,milrad5,0,1,44,2177
1576456615,Eddard0Stark,590,2,7554,680
1576457532,House+Lannister,0,1,44,2178
1576457992,Emilia97,0,1,1448,1301
1576461649,Pat5rick,0,1,303,1793
1576462325,DarkAngelxXx,0,1,431,1687
1576464486,Warriors+1,557,2,4658,815
1576476295,Grawp,36,1,4400,831
1576478431,Big+Chungus,547,1,2259,1099
1576489492,ChillaDerBabo,0,1,48,2142
1576492686,Morticor,0,0,0,2574
1576493594,Shakur.,0,1,26,2308
1576494567,No+Panic,364,8,40802,307
1576495380,Tw33ty,0,1,45,2167
1576496022,ExVi+der+Richter,0,0,0,2575
1576500839,Golzi,0,1,26,2309
1576501756,buschi18,0,1,639,1576
1576501978,xTheStevo,348,10,65076,220
1576505604,Djossi09,0,1,473,1660
1576508063,blbkiller,0,0,0,2576
1576508938,DickerFetterPanda,182,15,96639,135
1576510178,Hephaistos1,0,1,38,2199
1576512079,Lord+Urdnot+Wrex,120,0,0,2577
1576514017,3-D-T-S18,0,0,0,2578
1576518713,Stormspirit91,641,4,23823,432
1576524220,mh32,0,1,26,2310
1576525456,uhu+stic+09,667,6,9828,613
1576535624,LordGruenheit,684,6,29662,388
1576541148,cyber01,0,1,1303,1344
1576543026,xTheToddi,348,19,100317,125
1576548807,LucaBGF,0,1,26,2311
1576552912,Bauwagen,0,1,356,1747
1576553654,Graf+Schweineb%C3%A4rmann,599,1,2076,1138
1576557662,cestino,0,0,0,2579
1576560446,eisenbahnmucki,0,1,1330,1334
1576566293,playingpsycho,348,10,43482,294
1576568167,N4itsirHC,0,1,38,2200
1576571814,cokerain,0,1,74,2057
1576579016,KingBobo,0,1,1222,1362
1576585422,elfderpinke,0,1,255,1834
1576591996,austin+power,0,0,0,2580
1576592771,BrOsCoRe,0,1,26,2312
1576607315,Denniyo,640,1,295,1806
1576613431,betuesss,0,1,1684,1245
1576620315,MacMueller,701,2,4074,853
1576626801,Memorado,0,1,26,2313
1576629532,Radierdiweg,651,1,3801,878
1576629579,TheChiFi,0,1,74,2058
1576632665,Lord+Lord+August,463,3,6820,704
1576637776,thefuture,0,1,1501,1286
1576644487,PrinzEichelklatscher,172,8,46778,285
1576644829,Hexer01,507,5,9042,633
1576645918,x3istee,0,1,1716,1233
1576663356,The.Deutsche,221,36,240197,9
1576666880,Masace,120,1,26,2314
1576667094,baba.1,652,1,589,1602
1576668504,cynztwissty,0,4,9123,631
1576675480,gleitzer,0,1,112,1990
1576679816,Bienenk%C3%B6nig,627,1,1203,1371
1576682574,Cibii,659,3,6743,710
1576683431,PureLeidenschaft,439,2,155,1948
1576684931,P+yroX,0,1,26,2315
1576688077,Disturbed,273,27,209101,11
1576692459,Sir+Hendriks,0,1,365,1735
1576711209,BElschen,0,1,229,1861
1576712239,Schattenloch,643,1,1944,1171
1576713156,sumole,624,1,2974,983
1576716201,Arguslicht,191,30,122943,80
1576716337,El+Doctor,0,1,54,2098
1576717804,ownedby+M4nu,266,0,0,2581
1576718136,lenker+der+schlachten96,93,7,31937,368
1576719852,Sakazuki,56,14,73039,194
1576720937,Cloney+der+1.,0,0,0,2582
1576725981,Lord+Klaus+Gr%C3%B6schl,0,0,0,2583
1576729746,BlueSky2007,712,1,1455,1298
1576732605,sue-la,0,1,3576,897
1576744115,Detox1,671,15,68784,204
1576744313,Aerynor,0,1,477,1658
1576751584,Kerasus,0,1,1816,1198
1576754380,Schwarze+Legion,739,1,26,2316
1576756867,hias88,0,12,89778,148
1576756915,Graf+von+der+Mark,0,1,296,1811
1576758399,webbutler,590,3,9871,611
1576760393,TheLastMajor,41,24,131436,68
1576760440,Lord+Meelvo,0,0,0,2584
1576761492,janwe01,569,1,606,1594
1576770512,OrangeB00BS,221,24,155541,49
1576772190,Schorlegewitter,705,1,2262,1098
1576775378,Basto1986,0,1,523,1632
1576786561,DonkeyRollers,656,1,1516,1279
1576787016,danemann,0,1,162,1940
1576790328,Blysa,550,1,659,1569
1576793918,Piri7,0,0,0,2585
1576794442,Tycoon,0,0,0,2586
1576794527,Riuwental,507,4,7469,684
1576794747,RedNova+01,0,0,0,2587
1576796739,Kick-Ass,550,0,0,2588
1576797287,Captain+Matschbirne,697,1,2247,1113
1576797736,failerr,0,1,84,2033
1576799123,rebellBloody,0,1,1969,1167
1576799290,SirKyro,671,5,12749,556
1576804113,Lord+NERO,0,0,0,2589
1576812784,Tomi1,567,1,2621,1035
1576819504,NutzPunsch,20,6,20115,465
1576822286,Hazack,11,4,25100,419
1576827758,Miri,0,1,26,2317
1576829331,DunMaster,318,1,2193,1116
1576830047,Zander1998,0,1,26,2318
1576831457,GolDRiku,273,17,76536,183
1576833542,dobbertin,0,1,748,1524
1576838448,chiefStephan,0,5,8572,651
1576839110,MrLappen,151,1,38,2201
1576839771,Tresdin,641,9,41060,306
1576842060,Liebesbote,464,3,1980,1162
1576842103,KecReloaded,0,1,53,2107
1576844179,Sansa+Sta,0,1,26,2319
1576848291,Black+Wolf,494,6,31408,373
1576852587,Dodgecossie,671,6,21187,455
1576853716,Babo+Empirie,0,1,148,1956
1576854463,Rekrut+Anabolika,41,25,138174,60
1576855173,bauerJnr,0,1,2004,1157
1576855669,SIBERIA+SLIM,114,1,26,2320
1576859209,Biomilch,688,3,8441,655
1576860050,B%C3%B6serBube987,28,23,159677,44
1576863915,lubenko1,0,1,32,2227
1576864433,Gerolsteiner+Naturell,102,1,26,2321
1576865427,Kaiser+Waggele,118,1,1899,1184
1576865900,PummeIeinhorn,0,0,0,2590
1576868598,Lord+Azog+der+Sch%C3%A4nder,525,1,26,2322
1576869929,Magblast,659,1,3394,920
1576873031,GermanBomber,690,1,158,1945
1576875068,sillex3,193,3,10759,590
1576878361,judojannis,0,1,44,2179
1576880392,stefan1809,287,1,179,1917
1576882400,Acruxs,0,1,68,2071
1576883738,Outstanding,184,15,101008,121
1576884345,Gin.,364,13,54652,251
1576885101,SambucaWorld,0,0,0,2591
1576886179,Mr.WasGehtSieDasAn,0,2,6848,703
1576892207,Puma1337,0,1,26,2323
1576895710,One+Man+Army,394,0,0,2592
1576896364,Ozakar95,0,1,45,2168
1576898283,Lingab,0,1,3515,905
1576899806,billi.never.dies,738,1,266,1822
1576900930,salahuddin+al+ayyubi,138,7,17173,491
1576901186,WeedIzZMyCheat,0,0,0,2593
1576905025,Michaell,617,1,1782,1210
1576905692,MarkusRene94,0,3,3807,875
1576906009,Bambusexperte,364,18,120608,83
1576907335,hokahe,0,1,482,1653
1576909699,%C3%9F%C3%9F%C3%9F%C3%9F,740,1,727,1530
1576910559,tzikgu,0,1,687,1553
1576913376,9Csaba9,12,1,121,1982
1576919945,Panzer94,0,1,711,1537
1576922204,ExtremFighters,671,15,67174,212
1576922691,milchmann95,172,10,56588,248
1576923185,Bob.der.Turmbaumeister,184,7,35392,346
1576923513,K%C3%B6nig+Elendil,535,1,540,1626
1576924197,cptpapaya,163,3,8837,642
1576932602,Grantlbart95,557,1,4366,835
1576932853,KronenEx,287,1,446,1680
1576933097,LORD+PEINT,61,3,21435,451
1576935977,k4rl4rschnikov,702,1,323,1788
1576936861,BlutOrangexX,191,8,36749,334
1576937295,tonymahonylk,508,3,5652,763
1576937613,sven3991,459,3,5621,770
1576938636,Herr+Stich,0,1,33,2223
1576938959,Horstie,0,1,1422,1309
1576939408,Selo+Abi,183,25,90453,144
1576939913,bottas1,0,0,0,2594
1576940223,Scorpi11,135,7,24169,426
1576941129,GehnDefekt,0,1,1784,1208
1576946889,HerrHaschi,0,1,1204,1368
1576947040,Roqqinella,138,9,65313,218
1576948438,jenser555,476,6,31743,371
1576949445,KingWeekend,388,9,34051,376
1576949780,Felix1310,0,1,26,2324
1576951073,Ignorance,136,21,114217,102
1576951318,Dunkler+Magier,0,1,433,1683
1576951543,paramix,0,1,2141,1125
1576951753,zocker167,0,1,47,2153
1576951990,PushAmBau,547,11,25453,415
1576954971,juliansgd,0,0,0,2595
1576955002,Nixinator529,0,1,433,1684
1576956548,djrmaxx1530,0,1,710,1538
1576956636,SonsOfAnarchy+Original,182,5,25876,410
1576958889,J-P-M,421,0,0,2596
1576959994,friedibAng55,364,10,38214,321
1576961433,pphock,0,1,1264,1354
1576962756,Raph194,0,0,0,2597
1576962937,Raptor+Formagie+GmbH,221,29,171579,31
1576965415,K%C3%B6nig+Blutlotus,41,9,62138,233
1576966358,Fumes1509,41,14,103649,117
1576968765,NoFarmShit,340,11,61828,236
1576973723,Cozy+Bagel,0,1,26,2325
1576973882,DisneysWhisky%2A,0,1,526,1630
1576975223,%2ARADLERTRINKER%2A,184,16,58962,243
1576975282,Lord+GaTo,0,4,14741,523
1576975454,Nihonium,28,18,115336,97
1576975643,Bremux,0,1,1388,1318
1576976486,campino22,740,1,493,1647
1576976931,K%C3%B6nig+Gino,0,1,26,2326
1576977042,Arathor1304,88,16,102434,119
1576981262,.Zero,0,1,33,2224
1576982273,Paradox666,0,1,26,2327
1576984811,Gerdes+Gubbel,0,1,919,1456
1576988659,qwer12,0,1,403,1708
1576991804,Bashexpress,0,1,26,2328
1576993005,KingzZ,0,1,135,1977
1576994760,manu1337,0,1,7283,687
1576994796,SuperSoft,0,1,59,2081
1576995948,Eurythemix,28,23,177742,26
1576997861,GoldSt%C3%BCck,0,4,12545,561
1576998396,mirzabenz,0,1,1288,1346
1577006855,General99,0,2,1315,1340
1577007420,Bananenwurst123,0,1,26,2329
1577009681,King420er,713,4,13362,539
1577010098,Smo0thy,0,0,0,2598
1577010175,timos101,221,29,129456,71
1577010470,suits31,0,1,519,1637
1577011004,kr%C3%BCmel,672,1,2825,1006
1577011043,Grandeer,476,8,22607,441
1577011463,BobDerBaumeister007,671,9,40220,315
1577012096,Chaos+Nostra,0,1,146,1962
1577012688,LoopingLouie99,713,5,17306,489
1577015987,Earlie,0,1,2355,1075
1577016731,skraskra,364,2,9048,632
1577016920,Shoddy7,0,3,3584,894
1577017123,Kleine+Hexe123,137,1,1586,1261
1577019582,Riechkolben,0,1,320,1778
1577019601,Highfox,656,1,1624,1257
1577020835,Timinator191,504,4,11661,573
1577025753,Lord+BlauerFasan,659,2,4471,834
1577025920,Sikk97,0,1,3469,911
1577025997,FrauMitte30Single,182,22,99433,126
1577026366,TaylorSwift89,641,2,16002,508
1577026392,GodSaveTheRave,348,15,81954,175
1577026484,ilililllililllililililil,0,1,26,2330
1577027224,Goldi97,0,1,187,1906
1577027827,Bilbo+mit+Flamingo,98,7,31844,370
1577028879,hoch25,685,1,3101,967
1577029398,Fabs95,98,12,50833,274
1577029812,Lord+Eclipse,120,1,1386,1319
1577030247,Habemeister,388,5,14444,527
1577031785,WieFINDESTMeineRolex,0,1,26,2331
1577034011,Farmichdich,685,1,3451,913
1577035106,Hulk30,590,3,12675,558
1577038440,KscFreak94,0,1,26,2332
1577042248,k%C3%B6nig+hanz+peter,0,1,1264,1355
1577042866,XXMK18XX,0,4,4138,850
1577043725,Apored,713,4,10627,598
1577043820,JokerMitHerz,184,14,59294,242
1577045547,vantroche,0,1,1715,1234
1577046434,Aufstand,140,0,0,2599
1577047258,Ryocia,557,1,2030,1150
1577047400,Dodo989,0,1,45,2169
1577050492,xDave98,560,7,24926,421
1577052944,definitely+not+sony,0,1,38,2202
1577052967,N06ameN0Life,0,2,6035,735
1577053358,Catenaccio,126,6,21172,457
1577053386,Haiforelle,0,1,176,1923
1577053727,iHa1001,24,2,2204,1112
1577054379,Whatzzzz,315,1,4357,836
1577056690,zerst%C3%B6rer333,0,1,1028,1423
1577057432,Aether,88,39,176839,27
1577057949,Jocksi,0,1,26,2333
1577059881,Kappengeier,273,12,87693,154
1577060636,Halwadar,725,1,868,1476
1577060837,andreas1963,0,1,320,1779
1577061264,Malia+Skye,0,1,1548,1269
1577061541,VollMad,0,1,26,2334
1577062267,Lessich1998,0,1,964,1444
1577063005,Swick,0,1,1215,1365
1577066276,eism,120,2,2007,1156
1577066459,bigdaddy19670,172,5,31536,372
1577066633,ritter+hamma,667,1,674,1555
1577067077,ole+einar,0,1,38,2203
1577069080,Faiskofaisk,0,1,2431,1061
1577070621,mulan1982,201,29,168112,35
1577071349,jen1989,0,1,284,1809
1577073353,Alkerus,22,1,582,1606
1577073548,udolin,0,1,436,1682
1577075188,Furor+Teutonicus,0,1,245,1841
1577076192,TooTightTee,0,1,38,2204
1577079753,Alexander839,0,1,26,2335
1577080602,Fixie+Hartmann,0,1,1325,1336
1577080702,maikvd,0,1,199,1891
1577081048,heroinboyak47,135,7,32342,365
1577081251,Rejn,93,17,82134,174
1577082818,Devildonkee,640,1,1117,1394
1577082860,PhantMonk,0,1,253,1836
1577083021,Ragnar+Lodbrok,0,0,0,2600
1577083444,Crazy+Turtle,705,1,141,1979
1577083659,Hataki-Chan,705,1,1442,1314
1577083670,Desperantos,0,0,0,2601
1577083680,kluckis,138,9,54249,255
1577083798,Bl4ckSeries,138,7,49167,277
1577084192,Strayz98,667,0,0,2602
1577085869,Friedlicher+Siedler,273,11,67779,208
1577086529,bendertwins,547,1,623,1584
1577090502,pfu100,0,1,3551,900
1577090627,MrBizeps,0,1,26,2336
1577090631,Sven+Lennister,705,3,8011,666
1577091431,Stevebe78,0,1,3201,945
1577092090,alpha01,287,1,160,1943
1577092678,echt+jetzt,672,1,1049,1416
1577093467,bertl,567,1,3736,883
1577093985,Fuhri,0,1,447,1678
1577094871,IfkedOprah,0,0,0,2603
1577095727,dogan,0,1,3897,866
1577096372,Irukandji,0,1,26,2337
1577098451,filip,0,1,68,2072
1577098739,GrinGo,0,0,0,2604
1577099290,Miriquidi,154,6,34505,352
1577100019,KingsAndQueens,0,2,6007,729
1577100878,johnny21,697,0,0,2605
1577102326,Shooter,538,4,6062,734
1577104233,stehbeisl3002,0,1,403,1709
1577105823,Tuppes,706,2,4289,842
1577108159,.007,749,1,844,1490
1577109476,hatschib17,0,1,54,2099
1577112307,david09bvb,0,0,0,2606
1577113326,Iyouh,0,1,87,2027
1577113388,bosenbo,671,5,17148,492
1577114415,Killerkeks,0,1,26,2338
1577116728,TheHoffl,136,26,118847,91
1577117232,godlikehero,135,5,8816,643
1577117902,Gabriana,0,1,1744,1224
1577119397,Desse93,617,1,1050,1415
1577119447,katzi2510,0,1,44,2180
1577120445,Der+Spieler,0,7,10624,596
1577120751,yerushalem,0,1,448,1676
1577120794,Ludel,0,1,26,2339
1577121157,Exito,0,1,26,2340
1577121162,Kitz,0,1,26,2341
1577121163,PaulH,0,1,1430,1306
1577122740,BluesRock,0,1,564,1609
1577123371,x-tus,0,1,1985,1160
1577123919,Is+Lisl,0,1,26,2342
1577124873,saladin2,464,1,1689,1242
1577128721,silent12719,191,28,166775,38
1577129339,Fenris82,671,5,18931,477
1577130228,fifty+zent,0,1,26,2343
1577130243,Enesinho99,0,1,32,2228
1577130776,held123,0,1,319,1780
1577131139,Gilan01,0,1,413,1699
1577131901,Xexx,0,1,26,2344
1577132081,abicher,0,1,54,2100
1577132942,darkos17,0,1,3672,889
1577133059,Dorf+Rum,0,1,245,1842
1577134460,lord+alter+schwede,0,2,3790,879
1577136025,Minidekus92,705,1,3033,979
1577136354,Babler007,706,1,3107,965
1577137518,Lady-Mercedes,20,1,1315,1341
1577138367,Bubblegum,0,1,481,1654
1577138412,Sven+1974,567,1,860,1480
1577139443,WessiMc,0,1,26,2345
1577141034,Joke71,0,1,52,2117
1577143467,King+pingu,28,22,161738,43
1577143961,pierce21686,0,1,874,1483
1577145159,Quantum+meruit,547,4,18497,480
1577147774,Krieger3,617,1,3370,924
1577148699,IchMagFreibier,98,20,111488,107
1577149194,Maligos,643,1,1943,1172
1577149250,toros55,0,1,26,2346
1577150847,RMS1,136,17,118619,92
1577153212,Andreas102,552,3,4908,803
1577153654,verr%C3%BCckte+socke,602,1,1126,1391
1577153814,Christians4,0,1,45,2170
1577154199,Michi160,138,4,24118,428
1577154496,W%C3%A4ldianer,0,1,26,2347
1577154916,sturm90,219,15,92628,141
1577156093,GeneralBlacklist,0,0,0,2607
1577158777,MD1999,504,6,30337,382
1577158901,mummysdarling,473,3,7227,690
1577159235,Noctis1998,0,1,26,2348
1577159914,goddy,172,12,67157,211
1577160674,Phenix,182,11,51998,266
1577161104,LordDossisAlbtraum,0,1,26,2349
1577161700,stio,0,1,2110,1134
1577162589,dusatobi,0,1,455,1673
1577162770,Lonely+Mountain,0,1,26,2350
1577163047,Ina+Instabil,98,17,69350,202
1577163542,-I+liKe+tr4iNs%2A,535,1,325,1773
1577164246,Stefanosderechte,731,1,26,2351
1577164679,Lumpensack,0,1,38,2205
1577165961,tkYJeo02,0,1,1433,1304
1577166409,Tekken001,56,9,66391,215
1577167189,Dorina,0,1,348,1753
1577167240,Old+Witcher,0,1,32,2229
1577167337,xLegend17x,217,0,0,2608
1577168148,depp007,0,1,1959,1173
1577168752,Lexari+Themahr,0,1,191,1901
1577169116,Jiayx,56,15,82593,170
1577169597,N0Pulse,557,2,3267,939
1577169770,Arschkratzer,560,6,14316,529
1577170044,Alexkid,0,1,26,2352
1577170338,MrTeabeutel,463,2,8045,662
1577171656,raetselhaft,566,5,10845,588
1577172299,Mehmet14,652,1,3541,902
1577172560,Cobalticus,0,1,53,2108
1577174110,schnappzu.......,0,0,0,2609
1577175136,Mountainfarm,0,1,44,2181
1577175889,Donut,340,8,37835,327
1577175912,Blirtyfitch,0,1,26,2353
1577176189,Kekkei+Genkai,0,1,26,2354
1577176725,bastixx,0,1,360,1739
1577178060,Horseman17,463,3,8671,647
1577178719,-Anatoly-,504,14,54187,254
1577178932,Lord+alpenrahm,550,3,8451,654
1577179466,Z-Cash,0,1,26,2355
1577180071,Luca+Toni2,266,0,0,2610
1577181310,Bullwerk,590,2,4676,813
1577181451,walki,0,1,106,1991
1577182615,fronke,701,1,2577,1038
1577186425,Kalli1993,630,9,33733,356
1577186898,Surpris3,547,4,22751,439
1577187118,Matthias39,191,9,37719,328
1577187389,hilrode90,507,3,5981,737
1577187830,Frodul,747,1,991,1442
1577187906,CaiusXO,0,1,26,2356
1577188243,DaLiver,0,0,0,2611
1577188969,Deubzer,0,0,0,2612
1577191504,alcon,722,2,4691,812
1577193376,Sigurd+528,0,1,171,1931
1577193698,Max+Mustermann,183,8,48432,282
1577193798,Fenerium,138,6,33083,360
1577194197,otto+der+13,0,1,163,1939
1577194828,Mauki38,343,1,292,1799
1577195316,ProfessorHastig,182,13,64340,223
1577196928,Young+John+F.+G%C3%B6nnedy,0,1,46,2162
1577197889,CamiCheck,184,24,140591,58
1577201103,elWambo,0,0,0,2613
1577202407,DannyB69,0,0,0,2614
1577202424,General+Cartman+Lee,0,0,0,2615
1577203959,Chukles,163,6,13225,545
1577205238,miwo91,0,0,0,2616
1577206723,Twitch.domeniks.101,0,1,174,1927
1577206838,werner+61,58,1,274,1817
1577208770,Elkosin,0,0,0,2617
1577209064,hypnotizement,0,1,848,1488
1577209227,Kaufiniho,0,1,53,2109
1577209318,felxxxx,0,1,26,2357
1577209323,Sabo+1972,473,1,1435,1303
1577209492,Amadeus2019,103,1,1645,1249
1577209939,sensei.money,163,2,9281,627
1577211886,chocoloco,219,6,30359,381
1577212960,Anima,630,6,21863,448
1577215670,TolleWolle,266,1,2370,1071
1577218563,Demordray,0,1,139,1974
1577218615,Joske,501,1,3728,884
1577219997,Pocahonta,51,0,0,2618
1577220696,s4sch4,0,1,952,1449
1577220949,humanpwns,0,1,26,2358
1577222240,Dr.Feelgood,302,2,2279,1091
1577222779,hannicool,0,1,180,1916
1577223718,Kartenrandcarry,340,1,4948,801
1577223838,timdette,0,0,0,2619
1577223910,Kantinenkerl,667,1,167,1936
1577224151,CityZap,0,1,243,1853
1577225065,Sycro2222,0,0,0,2620
1577225539,Novelie,707,1,2361,1073
1577226523,Gauti,0,1,57,2088
1577227115,Marcel9494,24,2,4246,849
1577227349,oI3liViOn,421,0,0,2621
1577228241,Kikis+King,191,6,13914,535
1577228586,J%C3%B6%C3%B6rk,183,21,131158,69
1577229021,Kirves+on,0,1,26,2359
1577229119,Papajana,0,1,404,1707
1577229628,Kitsch2000,0,1,319,1781
1577229681,NBKiwi,183,27,157755,46
1577230479,jonasfnrn,0,1,48,2143
1577230550,discostu,56,19,123411,79
1577230945,PuiPuiPuiPu,705,2,4763,809
1577231771,Maarife,0,0,0,2622
1577232108,Tulpengeneral,617,1,452,1675
1577232225,rosskarten,747,1,436,1689
1577232388,Papst+Promille,383,0,0,2623
1577233684,Alki19,561,1,44,2182
1577233894,Kommander+2,0,1,1905,1182
1577235056,Dragodan,0,1,1011,1429
1577235529,phauZi,56,3,17973,483
1577235704,Goaskinny94,659,1,1799,1204
1577236482,Bibabutzemann1,31,1,662,1564
1577236526,Pinki72,0,1,240,1846
1577236547,schnegal19,138,8,27875,396
1577236762,Sajuri,22,0,0,2624
1577237207,Ben+Crusher,560,3,7541,682
1577237421,CptKone,0,1,26,2360
1577238153,Vossix3,0,1,70,2066
1577238756,icrowne,102,8,30165,385
1577238814,Nuke6767,0,1,47,2154
1577238865,Martimiser,0,1,26,2361
1577240658,NiceButDeadly,656,1,2876,996
1577241532,BrustBeutel,624,1,2903,998
1577242438,Suparichie,0,0,0,2625
1577242542,Ultra+SGD,136,14,70848,199
1577242622,Richard24,535,1,921,1454
1577243191,BanditSun,538,1,2917,989
1577243870,K%C3%B6nig+Michel,0,1,2153,1123
1577245249,Prince+Kajuku,0,1,26,2362
1577245920,DanZass,0,1,1168,1377
1577246107,KeksxD,0,0,0,2626
1577246323,Icredigood,0,1,26,2363
1577246383,frankeale,0,1,32,2230
1577246606,20zann,0,1,26,2364
1577246616,Amphisbaena,418,1,5931,743
1577247011,Yamila,0,1,2128,1129
1577247181,.Nicosta,0,1,26,2365
1577247202,Slasher,11,6,31917,369
1577247396,Rolf+Hartung,525,1,6906,700
1577247887,Mike95,557,3,7184,691
1577248044,Adelya,291,0,0,2627
1577248065,K%C3%B6nig+Georg,662,1,2174,1120
1577248687,McDrive,0,1,26,2366
1577248732,Thor25,639,1,261,1826
1577248822,Toad,688,8,21962,446
1577248834,Belvedere-,0,1,26,2367
1577248967,MaaNii87,0,0,0,2628
1577249543,MrCarecry1,557,1,3193,946
1577250736,ChaosIsCreation,41,12,70608,200
1577251194,flipelyflip,0,1,26,2368
1577251643,Stinksauer.,630,37,193018,15
1577252505,summer2028,0,1,175,1925
1577252611,schwarzedose,0,0,0,2629
1577254536,R%C3%BCbeabic,0,1,247,1839
1577256187,Support+69,147,1,2819,1009
1577256703,Schultheiss,550,1,726,1531
1577258140,Mzen2901,538,1,5319,785
1577258285,Caga,11,6,15336,437
1577260020,The+Proxy+Hebel+97,538,1,5353,784
1577261944,Ribse31,0,1,26,2369
1577262490,Schiri,0,1,538,1627
1577263317,Donna52,706,1,2018,1153
1577264123,Freaks,0,1,1742,1225
1577264227,stephander456789,0,1,52,2118
1577264297,lenax3,418,1,8017,663
1577265176,Republick95,0,1,237,1849
1577265979,Vega1,0,6,21908,447
1577266271,Fabrice1993,0,0,0,2630
1577266320,donkrause,0,1,823,1500
1577266765,manuwauso,138,9,33666,357
1577266832,ToxicTV,0,2,3966,860
1577266935,Eumel2,56,22,93121,139
1577266946,KingSuchti,0,1,26,2370
1577267994,IN-OP-a-II-IN,0,1,26,2371
1577268202,MrBrightside,742,1,2338,1079
1577268841,Axx1234,0,2,4310,840
1577269505,Niffelheim,273,7,30401,380
1577269807,CrackDeaD,0,1,512,1641
1577269813,DapperDon,136,20,105587,114
1577270215,Achi93,302,1,188,1904
1577271371,Ryuma,315,0,0,2631
1577271604,Piglet,671,8,30909,375
1577272530,Barber,640,1,1017,1426
1577272698,Nyosh,0,0,0,2632
1577273242,Wei%C3%9Fbiergretl,723,1,819,1503
1577273875,Baran314,0,1,26,2372
1577273992,BatmanXY,741,1,2345,1080
1577276603,xDeViiiL,0,1,49,2130
1577276619,G%C3%B6tterd%C3%A4mmerung,28,41,279332,2
1577277336,MarshallAlex,340,13,86116,160
1577277558,Synax,651,3,5279,792
1577277891,Darktree,355,1,313,1789
1577278764,PId1577278764,741,1,2673,1029
1577278900,ollibertingo,0,1,105,1995
1577279361,Hegel2000,56,6,36710,335
1577279449,Staemmeveteran2010,0,1,88,2026
1577279455,eazyk,504,9,42208,300
1577280108,Warlord+Beserker,355,1,340,1759
1577280225,Warlord+Tussi,355,1,841,1494
1577280603,Kingt%C3%B6nni,590,1,2800,1010
1577280693,Werner+Frankfurt,547,1,3663,890
1577280699,Legitoftomorror,219,16,115332,98
1577281700,BambusLover,0,1,167,1937
1577282079,DS-Rooky-of-the-year,0,1,85,2031
1577282143,Lady+Lady+Star,0,1,75,2054
1577282259,-Yubi-,0,0,0,2633
1577282871,Spritii,0,0,0,2634
1577283285,wo0dchuck,659,1,3157,958
1577283453,xDonPablo,0,1,162,1941
1577283463,InsaneMaster,0,2,6928,698
1577283957,Aikonist,685,7,27417,399
1577284134,NedDaJohannes,0,1,50,2127
1577284257,McKilroy60,614,1,639,1577
1577284748,Pfeijoh,0,1,38,2206
1577284840,D4rkSid3r,0,1,3179,953
1577284967,Houseklaus,747,1,423,1692
1577284980,Juro,18,0,0,2635
1577285001,Morcyria,581,7,34999,348
1577285125,Ferdinandt,439,1,171,1932
1577285233,MrIngo,599,3,8935,637
1577285247,Hunnen+Atilla,0,1,172,1930
1577285284,PuddingDxD,0,1,1161,1379
1577285410,cybaer,0,1,332,1767
1577285513,Juli1919,120,1,3264,936
1577286275,-.Lost.-,0,0,0,2636
1577287193,Tanjiro+Kamado,418,1,5699,760
1577288217,sporti,547,1,3227,942
1577288271,kentz0,705,2,7763,674
1577288381,%2A-StarScream-%2A,476,0,0,2637
1577288976,baba007,0,1,53,2110
1577289017,ursusmaritimus,0,1,228,1862
1577289456,Rocko69,154,14,102361,120
1577290551,.Empty,0,1,26,2373
1577290696,BeoccaDurial,0,1,54,2101
1577292069,Merlin4.0,0,1,1005,1430
1577292518,BiFi36,388,8,31153,374
1577292578,vipmen,31,0,0,2638
1577292586,next432,0,1,278,1814
1577292664,elCoordinatore,388,10,56995,245
1577292666,Elazar+Mutana,0,1,776,1514
1577293445,ProTouch,671,10,35882,342
1577293488,Pr1d3,0,1,357,1744
1577294023,Epfelklauber,183,12,63426,227
1577294135,ElToro,183,22,113243,105
1577294676,K%C3%BChlschrank,504,1,8220,658
1577294742,D.+Ruffy,28,16,100867,116
1577295621,Leon0910,459,1,3174,954
1577295664,Flo0910,552,3,10087,607
1577295988,K%C3%B6nig+Alexander1,340,6,27078,400
1577296007,Kamaikaze,340,14,82809,168
1577296122,Youarefired,547,1,2556,1045
1577296125,noobtion,547,1,1369,1324
1577296129,rudolfr%C3%BCssel,0,1,1979,1163
1577296132,sickgulag,547,1,2176,1119
1577296157,Da4id,442,0,0,2639
1577296162,Lana4President,547,1,2498,1054
1577296289,Ostdeutscher+Hasselhoff,0,1,47,2155
1577296392,Eljoda,705,1,1561,1268
1577296634,Trendz,0,2,855,1484
1577296909,Oredon,617,1,3090,968
1577297173,The+Dark+Knight+74,0,1,716,1535
1577297183,Venger,0,1,77,2046
1577297352,KALi3AR,744,1,842,1493
1577297746,Chris,0,1,363,1736
1577298350,mCraSin,736,1,388,1722
1577298523,H%C3%B6r+mal+wer+da+adelt,547,1,1418,1310
1577298525,H%C3%B6r+mal+wer+da+trollt,547,1,1908,1180
1577298527,SoulxReaper,0,1,177,1921
1577298618,Black+Mamba+1,0,1,316,1787
1577298680,Edge3333,0,1,38,2207
1577298767,Smokez,0,1,26,2374
1577299528,einTyson,0,0,0,2640
1577299643,spitzbube2,671,5,19494,472
1577299650,VESPALX64,98,8,23925,431
1577300006,Gr%C3%A4fin+Tina,740,1,921,1455
1577300036,granar,0,1,26,2375
1577300142,koch411,88,35,253340,5
1577300275,Lucky,473,1,1702,1237
1577301208,Fishdragon,679,1,6869,702
1577303587,lange89,0,1,904,1460
1577303614,PreTox,0,0,0,2641
1577303627,Kek123,0,1,59,2082
1577303733,-DGS-,219,27,142233,57
1577303824,nandez142,0,3,5741,756
1577303838,BUDDHA77,0,1,26,2376
1577303942,Stammfisch,0,0,0,2642
1577303957,mr-darkness2,606,0,0,2643
1577304160,KainSkillNurVerr%C3%A4ter,163,1,4514,823
1577304505,corsa12,285,4,5924,744
1577304538,Balloo,557,1,1335,1332
1577304650,Attila,640,1,1701,1238
1577304910,Hatcibumbaci,0,1,76,2051
1577305093,NervoNation,136,15,66908,214
1577305388,Gongzilla,102,10,63583,230
1577305768,GabbaGandaIf,182,21,60888,237
1577306447,hakatangadol,312,1,242,1844
1577306523,Kodai,0,1,59,2083
1577306558,Warlord+Samira,355,1,291,1804
1577306613,zorrero,0,1,26,2377
1577307745,lLink,340,11,56514,249
1577308289,Bambusotter96,184,5,33540,358
1577308664,Noetic,0,1,32,2231
1577308779,Leeon1,0,1,26,2378
1577308921,tafimaus,581,7,23970,430
1577309120,vlbeast1,201,9,58078,244
1577309168,The+Biggest+Looser,0,1,2304,1086
1577309295,Lisa34,0,1,89,2022
1577309530,AirD,0,1,196,1896
1577309584,Margery,0,0,0,2644
1577310506,Rainbowcrack,507,3,15072,520
1577311035,Tsunami197x,0,1,207,1880
1577311444,Crusader93,0,1,26,2379
1577311806,Olandrox,201,21,112376,106
1577312120,clemente.schmidt,418,3,9898,610
1577312149,BallernwieBananen,0,0,0,2645
1577312372,BlaueAffenbande,0,1,80,2040
1577312376,Wizie-,0,3,1723,1232
1577312639,stamm22,0,0,0,2646
1577312768,Snake+Island,221,25,165040,34
1577313188,FahrenOhneFahrerlaubnis,221,27,167811,36
1577313217,Zadgreen,0,1,620,1586
1577313464,sirlancelot+von+cameltoe,547,1,1272,1351
1577313524,ukulele,41,15,96761,134
1577313983,I3uulls,705,1,2761,1015
1577314246,Dymage,56,19,108155,110
1577314538,Blade+Reloaded,184,19,120108,85
1577314992,Ruhrpott77,0,1,297,1795
1577315055,GandalfDerT%C3%BCrke,0,0,0,2647
1577315250,Lord88,0,1,1252,1359
1577315631,Wikinger,711,1,863,1478
1577316466,Raskolnikov,163,7,34476,351
1577316486,AMg0,56,10,76203,186
1577316805,Albus+Dumbledoni,0,1,26,2380
1577317601,Gamebabe,273,16,92891,140
1577318735,NoExist,662,1,2137,1126
1577319022,Lord+Sleifer,28,17,116238,95
1577319184,NeedCash,0,1,2395,1066
1577319217,MrShowtime,0,1,415,1697
1577319225,Callmebg12,135,15,79458,177
1577319529,neumi53,459,1,3867,869
1577320357,hotcatxxxx,599,1,1341,1330
1577321151,DayDreamx3,560,4,10432,603
1577321158,Lord+Major1982Tom,0,0,0,2648
1577321477,Opus+Dei,0,0,0,2649
1577322234,Aasgeier,355,1,72,2061
1577322262,Gardist,355,1,263,1825
1577322437,Maskeradee,0,1,144,1965
1577322485,TheOnlyBrain,355,1,318,1784
1577322657,Brauntown,221,32,186827,20
1577322930,Zutti,0,1,373,1732
1577322971,Jinn49,0,0,0,2650
1577323096,Melder,355,1,467,1663
1577323355,Stonez114,140,0,0,2651
1577323495,Luumoos,41,14,82837,167
1577323565,Swo0sh,221,20,151445,55
1577324705,FairTrading,0,1,965,1443
1577325274,Karpfen+Dynastie,0,1,26,2381
1577325320,Odin1996,0,1,169,1935
1577326013,Mamba002,0,1,26,2382
1577326313,LittleJay,0,1,221,1866
1577326508,Eisb%C3%A4r93,459,2,5599,767
1577326965,Dash,340,16,73978,191
1577327084,troubleshooter,355,1,85,2032
1577327137,Gvnchy,561,0,0,2652
1577327239,IstemiTheTurk,0,5,9327,624
1577327344,hurenkind123,0,1,188,1905
1577327515,IAN700,0,1,791,1509
1577327572,Burntime,172,11,75833,188
1577327839,Caranthir,0,1,38,2208
1577328728,Karonian,0,1,350,1752
1577328792,Achim.de,0,1,400,1710
1577328893,Reiner+SG,0,1,752,1522
1577329285,MISS+MARPLE77,617,1,1073,1408
1577329948,TNGmeule,0,1,26,2383
1577329964,spinaliom,18,0,0,2653
1577329972,Lordknorki,0,1,1847,1192
1577330372,Olidus91,184,2,15398,517
1577330489,schroppi,439,1,2690,1026
1577330891,Kannis,0,1,75,2055
1577330980,noob35,28,19,119066,89
1577331107,MasterJxD,102,10,49658,275
1577331179,Elfeantbaby,68,1,1511,1281
1577331373,Ludwig,287,1,257,1830
1577331505,Jiggy420,0,1,26,2384
1577332910,Jansen1895,28,23,166181,39
1577333219,Seemops,273,21,119510,86
1577333584,t0m05,0,1,26,2385
1577333653,clap,0,1,71,2063
1577333809,H2oHugo,740,1,988,1441
1577334470,ListeGelenk,0,0,0,2654
1577334561,Plotzenhotz,0,1,26,2386
1577334959,Walodja,364,10,63408,228
1577335096,ElBlindo,0,1,539,1617
1577335498,Laubiv,0,1,26,2387
1577335546,RedMan666,0,1,1252,1360
1577336130,xXSh4d0Wk1LLeR98Xx,715,1,746,1544
1577336243,5Luna5,0,0,0,2655
1577336272,Gast336272,557,1,642,1574
1577336310,fesslbua,368,1,896,1463
1577336548,Bloodletter387,651,5,18667,479
1577336594,Sensenmann93,0,1,1048,1417
1577337225,fraenzl,0,1,2209,1111
1577337260,Eisen,0,1,53,2111
1577337426,andru,0,1,97,2009
1577337723,Ice1803,0,0,0,2656
1577337819,K%C3%B6nig+Ruffy,0,0,0,2657
1577338263,Seppl,172,14,74133,192
1577338499,das+B%C3%B6se,0,1,988,1436
1577339029,Backjumps,0,1,26,2388
1577339097,st0rmy7420,0,1,1487,1291
1577339112,Cronos35,0,1,26,2389
1577339116,HobbySpieler95,613,3,5989,739
1577339201,Chicken,473,4,10125,606
1577339250,Alkoholleiche,183,21,100924,122
1577339252,Dribbler,0,5,28950,392
1577339267,RohKost121,0,1,876,1474
1577339442,SwissEffect,0,1,175,1926
1577339638,xKillYou1993x,0,1,64,2074
1577340545,KasimirVI,0,1,38,2209
1577340663,Graser23,0,0,0,2658
1577340720,Elefantos,0,0,0,2659
1577340944,JGlumanda,421,0,0,2660
1577341301,Leonie007,0,1,223,1864
1577341351,Reini1489,0,1,1566,1266
1577341606,n8chtfalt3r,312,1,49,2131
1577341788,MiniFU,0,0,0,2661
1577341924,Agela+Merkel,0,1,26,2390
1577342466,Grabitv,0,0,0,2662
1577343731,-DaryL,0,1,38,2210
1577344059,LordTvonSwaagystan,656,1,1974,1164
1577344458,Sch%C3%B6neralsdu,219,16,114798,100
1577344763,3kyFr4nky,0,1,5591,769
1577344916,FI4SHI34NG,0,0,0,2663
1577344939,Kr%C3%B6si,599,2,2887,995
1577345142,DerPlauener,0,0,0,2664
1577345406,Ricarda+Lang,88,19,123702,78
1577345714,puladu,590,1,3035,978
1577345760,Gojo.,41,1,11050,585
1577345826,Banie17,104,0,0,2665
1577345915,Michaela74,0,1,1015,1428
1577346137,Okiela007,463,4,10537,599
1577346252,Mephiston,0,1,305,1791
1577346275,nobbyk11,590,2,6537,718
1577346524,Uwe-Volker,0,1,234,1854
1577347662,Alala,0,1,95,2014
1577348079,Prinzessin.Ananas,0,1,83,2036
1577348483,bektas0111,0,0,0,2666
1577348649,Mellibeachvolley,567,4,6064,733
1577349626,Toledo24,0,1,1786,1207
1577349835,Hermino,0,1,26,2391
1577349880,TryRanker,0,1,1904,1183
1577350112,Hanni,0,1,41,2185
1577350181,Wetzstein,706,1,1142,1389
1577350257,apoxer,0,1,32,2232
1577350386,FightingFarmer,0,1,144,1966
1577350450,Earl+of+Gborough,0,0,0,2667
1577350502,ALTERNATIV,418,1,5949,740
1577350677,mastermajo,102,9,41115,305
1577350698,TheBeelzeBub,0,1,103,1999
1577351241,Gandalf+der+echte,538,1,5517,777
1577351317,Seibo23,659,4,7926,669
1577351375,OOltmann,507,7,24647,422
1577351569,ErenxJ%C3%A4ger,0,1,111,1988
1577351582,Sancho.Pancho21,667,3,11159,583
1577352274,eis.kalt,0,0,0,2668
1577353142,Gunnar,560,4,18882,478
1577353503,Dabocka,624,2,4289,843
1577353517,nonstop+x3,0,1,26,2392
1577354105,Deichburg071,0,1,97,2010
1577354261,Coban440,394,1,1834,1193
1577354400,Pidd,0,1,356,1748
1577354428,simi1995simi,0,1,105,1996
1577354463,Alexlight,0,1,669,1559
1577354524,Bleach,102,4,22086,444
1577354766,Ellilein97X,11,6,41924,302
1577354832,Ice7,0,0,0,2669
1577355584,lunesta,88,11,65213,216
1577356030,Arkeda,318,6,36583,336
1577356084,Lennyy,560,4,8735,644
1577356231,Dabrica,0,1,386,1723
1577357369,Funmaker1234,56,18,145003,62
1577358119,Akreter,617,1,3071,969
1577358247,Bleach2,102,1,255,1835
1577358321,darksoldier+77,201,3,6940,692
1577358325,Lord+RotamoEF,0,0,0,2670
1577358385,Hilfe,418,1,5946,741
1577358568,Hogwarts38,0,1,103,2000
1577358983,HerrBayerl,705,1,1225,1373
1577359050,Daddyyyyy,18,3,4707,811
1577359642,H%C3%A4uptling+Haarige+Finger,707,1,2825,1007
1577359673,El+Paddel,707,1,2942,987
1577360092,Luks1270,0,1,1861,1187
1577361037,Black+Phantom,507,1,6113,730
1577361515,Lmao,182,32,184255,21
1577362266,roman1961,0,0,0,2671
1577362844,Smaran,0,1,154,1950
1577363106,blackops,659,1,2390,1068
1577363148,ichnixwissen,0,0,0,2672
1577363636,Rommelll,0,1,459,1669
1577364079,conkasch,0,1,595,1607
1577364245,kaii91,507,4,10446,601
1577364266,Tokatli60,0,1,1057,1413
1577365468,Beyond-the-Grave,214,0,0,2673
1577365906,Maulwurf89,0,1,280,1813
1577366084,Schmackofatz,0,1,38,2211
1577366189,Dominik911366,302,2,7743,675
1577366694,FNC+Castiell,0,1,26,2393
1577366884,SystemCR4sher,0,1,1088,1401
1577367044,mumpl,0,1,26,2394
1577367068,Darius,0,1,89,2023
1577367392,Delenter,0,1,26,2395
1577367562,Dorle,0,1,32,2233
1577367854,ScheibeMio,136,23,97519,130
1577367857,Micha1860,0,1,38,2212
1577368268,Marcinho11,460,0,0,2674
1577368361,BoBauer,66,4,14499,526
1577368432,Bitace,0,6,19725,469
1577368514,salamimeister3,640,1,1204,1369
1577368559,D-BooN,0,0,0,2675
1577368800,Schnitti,0,1,1028,1424
1577369389,Sylencer90,0,1,2129,1133
1577370409,Amon+Gus,0,1,1318,1338
1577370754,Mc+Fusarium,686,13,52132,265
1577371023,Heroine,590,1,1947,1169
1577371343,HSV+hahahaha,538,1,3286,931
1577371904,kevkaesk,725,1,838,1495
1577371959,andreas431256,0,1,26,2396
1577372218,chris220691,0,1,56,2089
1577372485,IceEagle,182,16,111537,108
1577372638,Hochk%C3%B6nig+Elessar,566,1,4629,817
1577372989,KariTi,557,1,409,1702
1577373035,A+Wild+Kangaroo,0,1,536,1620
1577373107,d3r+bOmb3r,418,15,68422,205
1577373257,WEEDG%C3%84RTNER,538,1,5357,783
1577373433,KindergartenDaddy,0,1,483,1652
1577373909,JayD,28,21,128140,73
1577373916,ludie,0,1,637,1579
1577374469,Lord+Reznov,624,1,1825,1202
1577374544,Lady+Blacklotus,723,1,45,2171
1577374702,Cm+Demrion,686,1,359,1741
1577374836,angantyr,0,1,2073,1140
1577375016,marusan,0,4,6973,719
1577375085,XOXO,0,0,0,2676
1577375088,Thrimian,0,1,137,1975
1577375287,caprisunny,182,24,157069,47
1577375504,Raubvogel,88,15,90201,147
1577375505,Facelle,538,1,5551,773
1577375519,Lugge1907,0,1,26,2397
1577375613,No1LikeYou,0,0,0,2677
1577375735,LordTronic,0,1,956,1447
1577376105,NR694,0,1,2630,1031
1577377057,Ghostwalked,421,1,629,1580
1577377998,DerFlo95,0,1,103,2001
1577378006,Hans+Yolo,0,0,0,2678
1577378014,Tonkrug,707,1,398,1718
1577378119,Gunet,624,1,3061,971
1577378174,Edelsaphir,0,2,5836,747
1577378206,xxAtomxx,0,1,185,1909
1577378286,piso89,0,0,0,2679
1577378320,Niklass,707,1,1768,1216
1577378576,p00rs0lid,508,3,3358,925
1577378609,liefjj137,0,1,38,2213
1577378807,ImMadness,0,1,1282,1350
1577378847,Ramon123,0,1,31,2235
1577378909,KallePeng,0,1,3213,943
1577378960,K%C3%B6nig+Bronco,557,1,1378,1320
1577378969,Tghiez,0,1,241,1850
1577379162,Stonerdays,0,1,881,1469
1577379841,Spass+mit+Die+St%C3%A4mme,538,1,3280,932
1577379974,jasonfuchs,0,1,257,1831
1577380011,Pauli,667,3,9298,626
1577380217,The+Machine,236,9,30072,386
1577380482,Nixon,191,14,72978,195
1577380508,Blackbord2606,0,1,62,2076
1577380627,TLiJ,0,1,38,2214
1577380635,Xanxas,163,6,20210,463
1577380700,Hoes-Favorite777,103,1,2347,1077
1577381024,Albert+der+Gro%C3%9Fe,659,4,8897,640
1577381304,EarIyknight,504,7,37986,324
1577381403,Eragon38,671,8,37074,332
1577381423,KingTim,0,1,101,2004
1577381503,Hansafreak,183,20,117011,94
1577381640,Trautel+von+Wartenstein,439,1,205,1890
1577381651,bernti,720,1,143,1969
1577381868,shorty69,552,5,11450,579
1577381872,usumon,421,4,6798,706
1577382054,Turko2021,61,5,14220,531
1577382346,Neibeidl,0,1,380,1727
1577382527,Elderias12,0,1,26,2398
1577382676,Sologesang,538,1,5699,761
1577382746,Miro,28,13,78945,181
1577382929,K%C3%B6nigvondertanne,0,0,0,2680
1577383003,Pagat,154,1,4943,802
1577383082,Bollonator,0,1,90,2128
1577383119,Darkblade92,318,3,4358,837
1577383288,I3asherX,0,0,0,2681
1577383365,Sitting+Bull,508,1,4147,848
1577383537,Der+Zoow%C3%A4rter,475,0,0,2682
1577383565,Nerv+nicht,538,1,5489,778
1577383599,Childgroete,201,1,4744,810
1577383660,Ande+der+Gro%C3%9Fe,0,1,1837,1205
1577383770,Orange-,182,15,76258,184
1577383863,Robert87,0,1,26,2399
1577383927,Zeonive,0,1,26,2400
1577384154,Drachenking,538,1,5793,750
1577384523,Kubikmeter,340,1,10136,605
1577384617,ZeBacon,671,9,35562,344
1577384724,Tigermicky,0,1,480,1656
1577385009,Guenter1970,697,1,1548,1270
1577385013,ezln,0,0,0,2683
1577385040,Nyobam,560,4,16385,502
1577385209,TFTBlackReaper,0,1,265,1823
1577385349,Pols,0,1,26,2401
1577385367,lul23,0,1,26,2402
1577385371,Keule39,617,1,2131,1128
1577385442,Jamiti1994,0,0,0,2684
1577385993,timotee12,0,0,0,2685
1577385997,callitosky,0,1,77,2047
1577386194,Legende87,0,2,2627,1032
1577386432,JohnSnow+I.,0,1,26,2403
1577386533,Leolaslo,0,1,696,1545
1577386677,.Eintracht+Pr%C3%BCgel,182,22,138482,59
1577386762,IamNatsu,0,0,0,2686
1577387189,Bexxz90,567,1,1758,1219
1577387295,Predator007GollumPUSHING,221,24,152802,51
1577387400,Muleff,0,0,0,2687
1577387516,daschmidt,0,0,0,2688
1577387673,Fedrix,0,1,113,1984
1577388276,Krami,221,22,151780,53
1577388387,qualle99.,0,1,1971,1165
1577388797,VasSilly,136,12,87661,153
1577388946,Bobsterlx,182,30,193547,14
1577388989,Bruno62,0,0,0,2689
1577389139,Nabla,61,5,40640,310
1577389151,NewSebo,0,1,61,2078
1577389206,STVZO,140,1,1476,1295
1577389428,BlueHygro,599,1,3431,914
1577389517,Krolkai9,550,2,5171,791
1577389712,Steckl,0,0,0,2690
1577390207,iCritiix,735,9,34148,354
1577390223,Pueppi,0,1,2562,1043
1577390271,Isolani,0,0,0,2691
1577390389,der+Odin,24,3,5716,759
1577390473,Ressourcenguru,318,1,9600,618
1577390537,Bogen2,231,0,0,2692
1577390552,Paulllllll,364,6,25204,418
1577390729,NIK4,273,23,131565,67
1577390985,Plumperquatsch,741,1,1425,1312
1577391060,Enzo+Punani,184,12,87056,155
1577391094,Bakugo,418,1,6145,728
1577391095,Lord+bitte+nicht+Incen,418,1,6562,716
1577391104,Achtung-Kontrolle,418,1,5794,748
1577391105,Support-Helfer,418,1,5781,751
1577391113,Kathi98,538,1,5641,764
1577391115,Barney+Stinson+der+Echte,418,1,6006,736
1577391652,Hobbit,0,1,682,1550
1577392158,Stoppelbock,0,0,0,2693
1577392706,Knut+Lassmich,219,9,53336,259
1577392781,.Divico.,0,1,26,2404
1577393127,Accelerator,0,1,26,2405
1577393209,Phantom98,508,4,5883,745
1577393485,CHFino,0,0,0,2694
1577393627,MorgenFreimann,0,1,61,2079
1577393799,iska,172,6,52367,263
1577393803,Twist96robin,0,1,45,2172
1577394565,-KaMeO-,691,1,1731,1228
1577394600,Rewi123,0,1,612,1589
1577394638,LukeHumphries1,183,16,52947,261
1577394954,Ciro400,182,39,190599,18
1577394984,LordHell,364,5,15071,521
1577394999,Sturmnacht,0,1,26,2406
1577395000,General28,120,0,0,2695
1577395217,GolfVI,31,1,2874,997
1577395352,Tierisch+Hunger,0,0,0,2696
1577395538,ralle84,720,1,524,1631
1577395621,bier+king,0,0,0,947
1577395659,Netsoj,0,1,1033,1422
1577395830,diorbra,651,1,1804,1200
1577396035,kingkelvin,0,1,2021,1152
1577396198,FloRider257,560,6,21362,453
1577396285,getd,0,1,1054,1414
1577396317,SirDruss,624,1,1045,1418
1577396323,Takea,459,3,6581,715
1577396375,KingArthur40,56,14,63558,226
1577396451,Black-Bull+Asta,0,1,1574,1264
1577396765,Disharmonic,697,1,1729,1230
1577396918,Grosovic,0,1,71,2064
1577396992,BoomBoomPow,0,1,453,1674
1577397198,derHighTec,18,2,6607,714
1577397543,Pablo46,0,1,520,1636
1577397549,buzuka,61,10,60284,241
1577397567,limiter,31,0,0,2697
1577397857,Metzgerrudi,641,14,40518,314
1577397919,lukoorn,590,2,4771,808
1577397996,Fafnir+666,0,1,1590,1265
1577398477,FlummelBummel,0,1,26,2407
1577398507,geppi09,0,1,522,1634
1577398566,steini76,0,1,661,1566
1577398600,kluhen97,0,1,2694,1025
1577398609,Lordmeiler,28,39,333532,1
1577398846,VielHilftViel,0,1,26,2408
1577398882,Marsimoto187,508,2,6949,697
1577398919,Trab96,20,10,37293,329
1577399476,Lordmeagadeath,0,1,29,2237
1577399482,imp4ce,0,1,189,1911
1577399554,Erolleius,476,4,15943,510
1577399557,Deucalion,0,1,92,2020
1577399597,Spartacus,557,1,709,1539
1577399664,Sir+Rammalot,388,7,16277,503
1577399698,Zauberknaller,0,1,293,1798
1577399730,1Primus1,0,0,0,2698
1577399914,rambo97,0,1,98,2007
1577399970,WittaMinA3,0,1,69,2069
1577400531,Berscher,0,1,26,2409
1577400615,telelo,651,1,1800,1203
1577400647,Youmad,201,14,100671,123
1577400736,Sir+Aurich,567,1,1936,1174
1577400745,Marth65,504,8,18157,482
1577401346,DrBronko,735,5,14862,522
1577401347,AlexBull,560,3,8913,638
1577401658,enaB,0,1,775,1508
1577401716,Mini88,0,1,353,1750
1577401976,Kaempferin1976,567,0,0,2699
1577402000,Mazuka,18,6,8951,636
1577402143,sunil98,191,23,120365,84
1577402209,bernstingl,0,1,119,1983
1577402220,Brrandy,135,3,4565,822
1577402266,Freiherr+vom+H%C3%BCnenberg,0,1,1532,1274
1577402295,Alexias,0,0,0,2700
1577402389,Kanguruguay,0,0,0,2701
1577402407,OriginalTyphus,0,0,0,2702
1577402663,Maurice361,0,0,0,2703
1577402728,Sir+Philipp+von+Otto,390,0,0,2704
1577402821,Aqua+Minerale,0,1,49,2132
1577402888,Ealen,68,1,503,1643
1577402915,renehinichaot91,0,1,77,2048
1577402919,DieLetzteElite,0,0,0,2705
1577403071,GTRK4,651,1,4123,852
1577403163,MegaWolle,266,1,1148,1385
1577403201,Riko2k5,0,1,52,2119
1577403321,Fenerli53,0,2,3183,952
1577403430,M44r11us,0,4,25296,417
1577403509,schleim.jr3,0,0,0,2706
1577403575,Berti95,0,0,0,2707
1577403808,Styx+of+Asphyx,11,6,30407,379
1577403858,Blackzeck,172,16,85120,162
1577404091,Minimum-Hilfiger,0,1,26,2410
1577404129,Hideko162,0,1,49,2133
1577404202,BFDragon,590,4,12211,563
1577404351,XderHHelfer,178,1,1535,1272
1577404397,atouba,0,1,1627,1254
1577404457,AURO6699,0,0,0,2708
1577404462,Hansi+im+Gl%C3%BCck,507,2,4393,832
1577404537,.Siemens.,0,1,663,1563
1577404581,Marv2211,507,4,6998,694
1577404745,X3rTaX,135,1,1963,1168
1577404831,Balkan11,439,1,1037,1420
1577404861,siliver2908,0,3,1933,1175
1577404913,OberstReacher,476,8,45223,289
1577404962,LordMentor,0,1,53,2112
1577405034,iForster,191,6,25102,420
1577405062,Sworden,0,1,26,2411
1577405087,Jokkel,719,1,820,1501
1577405169,Laaaaaaaars,411,1,1188,1374
1577405180,der+Karsten,183,8,33177,359
1577405189,Raschu,0,0,0,2709
1577405280,cLLy,0,0,0,2710
1577405311,Kaleut81,0,1,292,1800
1577405512,SGBobby,641,6,21555,449
1577405674,Ratzky.Elli,599,1,2911,991
1577405919,Ieazatu,273,24,133753,65
1577406038,lasi,0,0,0,2711
1577406106,Rythime,0,1,26,2412
1577406180,Mandy+Rarsh,0,1,1947,1170
1577406253,nico1995,602,1,409,1703
1577406268,CaptainLazer,0,1,1855,1189
1577406503,Bergi91,0,1,889,1465
1577406566,Tobeje,525,0,0,2712
1577406595,P%C3%B6belina,547,1,2864,999
1577406612,YouMadBro%3F,0,1,143,1970
1577406700,maextrash,547,1,2396,1065
1577407105,Precise,0,1,26,2413
1577407197,NachtiKalle,0,1,3317,928
1577407339,Strikta07,550,2,5218,789
1577407378,Glenoxi,624,1,1493,1290
1577407385,ichbinstim,418,1,8139,660
1577407396,xPE17x,545,1,610,1590
1577407416,Razan,0,1,1319,1337
1577407505,Mcmop,507,5,13096,547
1577407596,Konkobine,88,19,106036,112
1577407790,DG-AAA,191,17,79484,178
1577407845,MeteHan,0,1,1100,1398
1577407867,Killerkeks5000,0,0,0,2713
1577408012,xXsandroXx21,183,14,82207,173
1577408059,Marl+Karx,340,13,60460,238
1577408126,Tschudi,0,3,5109,796
1577408179,ZenzOida,0,0,0,2714
1577408336,marius1420,626,1,321,1777
1577408342,gogelgu,0,0,0,2715
1577408399,Dre1009,459,1,2827,1005
1577408406,Shooten,418,2,9343,623
1577408482,0815joe,147,1,1157,1381
1577408534,Hr.+Eisenschmied,56,14,63545,225
1577408571,Count+RD,722,1,1626,1255
1577408584,kevka93,388,6,19651,470
1577408671,zombie1000,22,1,5366,782
1577408696,Ovapowrd,451,2,14556,525
1577408699,Rexcroatorum93,656,1,2720,1020
1577408819,mattice+der+grosse,0,1,26,2830
1577408825,HarryderPotter,508,1,2267,1096
1577408875,Panzerby,172,9,49262,276
1577409166,Maximus1985,348,7,19753,468
1577409339,neuhier,88,26,171236,32
1577409362,Farmboy,348,10,43260,295
1577409368,Jxnx31,507,3,4582,821
1577409400,gh0stInside,66,0,0,2716
1577409421,Doschme,0,1,38,2215
1577409548,zigity,0,1,69,2070
1577409561,9SockenTennis7,0,1,51,2124
1577409582,Baron+Rudik,18,0,0,2717
1577409656,KeksDealer,208,2,8016,664
1577409938,R%C3%BCsselnase,0,1,49,2134
1577409984,OFFKonsum,364,13,62870,231
1577410181,jappo,0,0,0,2718
1577410202,LordSidious,154,8,63251,229
1577410310,Mondmann,340,12,65203,217
1577410337,hyperhansi2000,184,8,43594,292
1577410373,glubbfan,0,0,0,2719
1577410489,SenorSchnorres,705,1,2278,1092
1577410492,KingPint247,0,1,1993,1159
1577410524,MussWeg,0,1,26,2414
1577410532,Karo94,149,1,894,1464
1577410533,Thomas85,0,1,81,2038
1577410630,King+BABA06,685,3,9218,629
1577410730,Raderrus,0,2,3326,927
1577410744,SpaceMops,0,0,0,2720
1577410826,Suvad,659,1,2370,1072
1577410880,xXFrierenXx,476,7,40675,308
1577410931,Nero2204,61,9,42472,299
1577411024,nordreich200,640,1,1073,1409
1577411067,JeCiDro,0,0,0,2721
1577411246,nordixx,707,1,3024,980
1577411315,Missy,0,1,545,1623
1577411340,Kurumi,0,3,19827,467
1577411348,Raidraptor,0,1,259,1829
1577411362,LinAlf999,567,1,3191,948
1577411422,Coronier,56,32,197824,13
1577411562,Baron-Michael,0,1,1147,1387
1577411569,Thaibrueder,0,1,26,2415
1577411661,gpepy,623,1,3144,960
1577411731,marrrrta,684,0,0,2722
1577411818,Arius,0,1,2763,1013
1577411862,Exkrien,0,0,0,2723
1577412073,KatapultKnallk%C3%B6pfe,28,20,151430,54
1577412076,HarryDotter,331,1,2650,1030
1577412080,Woifal,172,10,61797,235
1577412195,B%C3%A4sch,671,7,32586,364
1577412297,Sir+Chicacon,266,2,8618,648
1577412349,Kruemel25,508,2,4809,807
1577412395,fegerinho,507,1,2622,1033
1577412426,feandor,28,10,86481,159
1577412454,Sudden,0,1,727,1536
1577412465,Yusaku-sama,0,1,334,1764
1577412491,DerKalle666,315,0,0,2724
1577412629,Keppchen,18,1,273,1818
1577412648,Cenn,0,0,0,2725
1577412668,Domi885,525,0,0,2726
1577412876,Kampf-Kartoffel,93,12,72868,196
1577412977,zxcarlozx,0,0,0,2727
1577413055,WaaRaJI,331,1,1584,1262
1577413094,Relonis,508,1,328,1768
1577413107,LordofHumbridge,45,0,0,2728
1577413110,Aytoo,463,4,15926,514
1577413291,Caps,0,1,89,2024
1577413304,hayolike,0,1,80,2056
1577413352,Schnackel89,0,0,0,2729
1577413397,H%C3%A4ppy+sunny,0,1,389,1720
1577413414,Sir+Shiggy,550,1,392,1716
1577413680,Bubieni,0,1,1367,1325
1577413694,weber1995,0,1,1063,1411
1577413833,Mad+Mexx,713,5,22740,440
1577413946,g%C3%A4nsehaut,707,2,4583,820
1577413950,Fischkutter9000,5,1,26,2416
1577413972,stinkenderAluhut,652,1,1737,1226
1577414022,SirSanderson92,599,1,4469,826
1577414029,Mael,722,2,4507,824
1577414101,fl%C3%A4ggi,0,1,26,2417
1577414109,KommandantLevi,0,1,80,2041
1577414296,Amkjee,669,1,38,2216
1577414504,GrafRuedi,120,1,38,2217
1577414523,Ogima,0,1,26,2418
1577414657,ALDI+NORD+Voldemort,418,1,5456,780
1577414839,cdiii,698,9,29215,391
1577414862,Schwester+Monika,348,12,48935,278
1577414878,Speck1,0,1,26,2419
1577414888,papamarc,41,28,210898,10
1577415015,PaddlQt,266,1,204,1883
1577415064,Durchfallmann,56,19,114858,99
1577415179,Fridolin+der+erste,0,1,2321,1082
1577415219,Lea08,0,1,2029,1151
1577415268,Lach+Ma+Jun,538,1,5794,749
1577415282,komm+ran+hier,418,1,5865,746
1577415284,Kapfenf%C3%A4nger,538,1,980,1439
1577415356,Wildk%C3%A4tzchen,183,20,120943,82
1577415362,LordBarto,550,0,0,2730
1577415437,HooliganHaank,0,1,191,1902
1577415469,Letschy,41,14,98763,127
1577415506,Bober+Kurwa,136,25,132758,66
1577415521,flok+rider,388,3,10664,592
1577415524,Jurok+der+Barbar,24,0,0,2731
1577415568,DonsDenos,0,0,0,2732
1577415588,K%C3%B6nig+Lord+Gismo,302,3,6683,712
1577415591,SirDavid1,201,17,119209,90
1577415739,Denit,0,0,0,2733
1577415751,Empek,701,1,1915,1178
1577415753,edda-13,0,1,765,1517
1577415755,Gulasch+Egon,0,1,26,2420
1577415771,StayHigh,0,1,26,2421
1577415780,EmilyBauer,219,19,98602,128
1577415790,Die+tapfere+Kriegerin...,0,1,26,2422
1577415832,Sachsensau,11,4,13225,543
1577415858,.Asche,0,1,26,2423
1577415871,anber991,172,3,23069,436
1577415909,Schwarzer-Ritter,287,1,174,1928
1577415995,Tersork,0,1,26,2424
1577416011,FallenAngel,476,6,46381,287
1577416030,DF65,0,0,0,2734
1577416049,Dikro,93,8,52658,264
1577416086,Verkaufnix,0,3,9256,628
1577416101,789456123,340,8,37172,331
1577416173,Altm%C3%A4rker,671,7,24520,423
1577416190,goron,659,1,3169,956
1577416271,Django+El+Matad0r,221,20,114455,101
1577416281,Nevsson,28,18,137579,61
1577416287,Berndleno1904,394,0,0,2735
1577416293,nezsen95,0,1,203,1884
1577416350,MaiselBier,24,0,0,2736
1577416396,NoGames,65,0,0,2737
1577416471,Albi93,0,5,28799,394
1577416488,GoGames,684,1,26,2425
1577416545,max86,279,1,3462,912
1577416547,Pocahontas,508,1,2851,1002
1577416566,Nowienho,0,0,0,2738
1577416577,TheBoringBlue,599,2,4437,828
1577416581,.NoChance.,93,9,40556,311
1577416638,Sk0r91,0,1,26,2426
1577416656,Dragon0492,93,19,93315,138
1577416701,Chris9219,0,0,0,2739
1577416729,KeksFanatiker,617,1,1291,1345
1577416770,Lubi,590,2,7866,671
1577416775,B%C3%84R11,718,1,3277,933
1577416779,Sebsen,0,1,26,2427
1577416814,Pommel,0,1,377,1729
1577416828,Widecaemper,136,1,8888,641
1577416924,cokePepsi,66,4,16210,504
1577416925,langweiliger+Typ+43,89,1,1647,1248
1577416977,Maceger69,713,5,13856,537
1577416993,DerKnechter91,507,5,15994,509
1577417026,Rysa,0,1,985,1437
1577417050,tlli2811,149,2,4479,825
1577417053,Andy096,0,1,3752,885
1577417066,sevo,0,1,26,2428
1577417194,W%C3%A4schdinchasper,22,0,0,2740
1577417197,W%C3%A4schminchasper,22,0,0,2741
1577417219,piqaso+sinc,41,13,88054,152
1577417244,CoachRob57,20,2,7008,693
1577417252,MSEsche,0,1,1124,1392
1577417255,skriee,31,1,26,2429
1577417302,Hawara,0,1,144,1967
1577417331,Koenig+Heinrich,56,9,40567,312
1577417361,domeee94,0,2,7643,676
1577417362,Nonsens,652,1,1470,1296
1577417390,QQ1372,31,0,0,2742
1577417391,Kudiii11,98,8,46679,286
1577417474,HWI94,0,1,1426,1307
1577417530,Schemm,18,1,911,1458
1577417537,Alucard+87,0,1,556,1611
1577417570,VW+AG,693,0,0,2743
1577417673,ACROBAT,656,1,2234,1106
1577417687,Cryptex,120,2,3304,929
1577417725,Nyrd,599,1,3961,861
1577417729,Kevvv,221,23,146400,56
1577417742,yadoback,136,12,40466,313
1577417774,Wargenie2024,590,1,3265,935
1577417786,Breiti,713,7,15610,515
1577417837,Meggis,0,1,341,1758
1577417850,Ventho,41,19,151897,52
1577417884,Oidamo81,624,1,3169,957
1577417930,LadyWaterton,0,1,583,1605
1577417932,maya0610,172,16,82703,169
1577417939,Clownskopf,0,1,2314,1084
1577417944,SiKK,0,2,5607,766
1577418067,Mr.Frogo96,0,0,0,2744
1577418085,Looser12001,0,0,0,2745
1577418089,Hengoh,0,1,47,2156
1577418147,DaveRM,186,1,1907,1181
1577418160,Schnitzelsemmel,28,10,51407,272
1577418198,Buckshot+L%C3%B6we,0,1,591,1601
1577418211,juttausa,659,1,2304,1087
1577418231,K%C3%B6nig+Lancelot,0,0,0,2746
1577418262,BrinkyBill,0,3,5960,738
1577418312,Oliver+richter,0,1,3248,940
1577418339,luxbaba,0,1,26,2430
1577418371,baksn2323,118,1,5580,771
1577418389,papa-schlumpf,684,9,16542,500
1577418434,LordHyper,0,1,267,1821
1577418472,PKS1998,681,0,0,2747
1577418574,2+Ritter,624,1,4421,829
1577418612,FC+Untersberg+2024,674,0,0,2748
1577418653,Hydrolic,0,1,2183,1124
1577418657,AI+Lord,184,8,55191,250
1577418664,BigBoss123987,0,1,26,2431
1577418818,nemi02,45,0,0,2749
1577418829,Wasistwas,588,1,902,1461
1577418846,seigo385i,0,1,811,1505
1577418907,Foxi12,508,2,5942,742
1577418932,GartenSalat54,138,6,26683,403
1577419070,Lord+Brain,662,1,1332,1333
1577419087,Pryvin,0,0,0,2750
1577419098,m1mL,65,1,2192,1117
1577419155,Dadex,567,1,1084,1402
1577419170,O.J.,0,1,26,2432
1577419175,Egon87,735,0,0,2751
1577419251,juju30,0,1,157,1946
1577419315,stepsinator,0,1,696,1546
1577419327,blauewolke1,172,9,41668,303
1577419344,Viorica012,0,1,38,2218
1577419388,Katastrophe,0,1,2448,1060
1577419414,FlorianHnk,0,1,49,2135
1577419418,strobi,61,5,23628,434
1577419433,hellidelli49,439,1,1701,1239
1577419437,RIIT,0,0,0,2752
1577419562,MisIstDa,0,0,0,2753
1577419568,ottol,388,5,10780,589
1577419647,K.Kensh,88,20,115608,96
1577419660,Thompsi,56,5,35597,343
1577419666,BlauerHulk,504,8,32805,363
1577419713,meris167,643,1,3150,959
1577419717,Marco+777,31,1,26,2433
1577419730,Ignis,640,1,2542,1048
1577419746,Erasion,586,1,459,1670
1577419774,WingMingSchinken,11,9,54258,253
1577419821,VioEver04,624,1,2717,1021
1577419822,mastermutze,0,9,28603,395
1577419937,Knappo,590,2,9759,616
1577419960,Amissa+Bongo,219,17,86946,156
1577419983,Kaffeebecher,599,1,3061,972
1577420053,Fido1990,0,1,407,1705
1577420055,ecko1994,0,0,0,2754
1577420069,Specknackn,0,1,152,1951
1577420085,Greedisback,504,6,32043,367
1577420121,Perkins,0,1,187,1907
1577420136,Crumbz,0,1,464,1664
1577420159,Templer2024,0,2,2784,1017
1577420223,THOR90,0,1,1178,1375
1577420239,BlueyBingo,0,1,2825,1008
1577420245,Rogerex1006,0,4,6754,709
1577420264,Kareen83,590,3,11528,575
1577420272,Heruour,11,4,24139,427
1577420287,%2ASPk%2A,465,1,1930,1177
1577420312,Measta,93,9,52832,260
1577420344,Lord+Psy,0,0,0,2755
1577420353,make,44,0,0,2756
1577420376,Arbo04,0,1,1675,1246
1577420400,Beckchen,41,14,73899,193
1577420405,SvenGf13,0,1,880,1470
1577420469,Lord+Lary,0,0,0,2757
1577420477,vladeck,0,0,0,2758
1577420497,Treude,98,11,69269,203
1577420507,Muharrem78,0,1,235,1860
1577420563,Kaiiydo,11,4,26508,405
1577420564,Playermaik51,11,8,37906,326
1577420584,JanTheRock,0,1,26,2434
1577420623,Meke52,11,2,12202,564
1577420725,Joshua.Elias,656,1,917,1457
1577420818,druide12,641,3,12984,551
1577420823,Naturw%C3%A4chter,508,1,2987,982
1577420840,Regenschirm,0,1,26,2435
1577420909,Veith,0,1,928,1453
1577420929,Exekutor1,507,4,16884,495
1577420932,Moser95,718,2,3306,973
1577420938,Evian,0,1,1152,1384
1577420978,Razah,147,1,2555,1047
1577421000,pimpmfl,0,1,26,2436
1577421041,Arckolos,0,1,3107,966
1577421070,Lucifus+the+burning+pile,435,1,820,1502
1577421083,Codo,698,1,178,1919
1577421150,Elihady,315,1,26,2437
1577421154,Gracetom1,231,4,4897,804
1577421198,fredmeagain,0,1,193,1899
1577421206,Nihal95,0,2,5760,754
1577421267,Hoyos,504,6,27585,398
1577421336,BertiTheDeath,0,0,0,2759
1577421378,bw1809,557,1,3422,918
1577421403,kai1701,50,3,6135,731
1577421420,dextroE,659,1,2061,1148
1577421455,bw180975,652,1,745,1526
1577421466,Lord+Raku,0,1,155,1949
1577421478,jones666,0,0,0,2760
1577421479,Ritter-Kunibert,602,1,247,1847
1577421515,SaintLaurentDon,11,2,15210,518
1577421519,zuppi91,102,12,68499,206
1577421573,Philip95xx,0,1,860,1481
1577421578,Dorfhub,102,1,3040,975
1577421599,mcjay55,45,0,0,2761
1577421608,Niv0li,656,1,2448,1063
1577421618,Dude747,0,1,2909,992
1577421636,DERGRAF88,0,1,58,2086
1577421663,PsyTrance,138,8,34563,350
1577421673,Maximilian+Krah,640,2,4032,856
1577421687,GzuzVonNazareth,585,1,3477,909
1577421691,Nordwacht,56,14,85272,161
1577421724,Visalyar,184,14,86798,157
1577421728,NickiBSC,0,0,0,2762
1577421729,MadDog4Life,0,1,26,2438
1577421740,Shadowjumper,273,12,84009,164
1577421760,Anonymous1,640,1,3819,874
1577421781,Beorn19,50,1,1501,1287
1577421783,Barpo30,50,1,2257,1100
1577421806,DerStuppi,459,2,4622,818
1577421820,kringel,0,0,0,2763
1577421845,Gzuzvonmaria,0,1,26,2439
1577421849,KrustigerKot,0,1,26,2440
1577421862,Thilo1992,219,10,47467,284
1577421874,Jane+x3,61,13,64647,221
1577421896,Ceddi77,114,8,24036,429
1577421898,Laugenstein,0,0,0,2764
1577421920,FoxyProxy25952,0,1,487,1650
1577421921,7heLiMit,0,0,0,2765
1577421922,shizu,65,1,6365,721
1577421926,FreddyFartface,114,1,26,2441
1577421927,Dr.+Stone,88,28,154048,50
1577421948,Mukibude,0,3,13161,546
1577421955,M4dd0x,172,11,67476,210
1577421967,Die+Seuche,388,4,15510,516
1577421985,Ned+lustig,88,27,175624,28
1577421987,LarbaXschlumpf,273,45,278612,3
1577422003,InFlames,0,1,26,2442
1577422017,Mampfpanzer,88,28,175524,29
1577422020,Apfelkrizz,340,12,36604,337
1577422027,the+illyrian,221,25,167127,37
1577422031,Miyuki,88,32,188206,19
1577422032,HarmsJR,0,0,0,2766
1577422045,gangster1525,285,1,741,1528
1577422051,Ramsi+van+hinten,20,16,90089,146
1577422053,siebzehn,61,17,89654,149
1577422062,K%C3%B6nig+Obelix,640,1,1615,1258
1577422069,Veritas+99,0,1,199,1892
1577422076,BodoBallermann,451,0,0,2767
1577422080,ChrisCatchThemAll,729,4,14266,530
1577422087,Bad+Gones,135,6,23083,435
1577422097,Medaphor,0,0,0,2768
1577422107,DarthVader,0,0,0,2769
1577422120,AndziaPandzia,686,1,1424,1308
1577422121,Robster98,0,0,0,2770
1577422123,DrNykterstein,135,5,20507,459
1577422125,AchtungFAKE,135,2,1756,1221
1577422143,Maxerle01,0,0,0,2771
1577422151,BlackMan69,0,1,26,2443
1577422160,pregomio,0,1,26,2444
1577422167,Kalipo,11,5,35367,345
1577422171,Ichmachdichplatt,88,19,124857,75
1577422173,T+y+S+o+l+o,184,11,62195,234
1577422176,Wuffels,581,5,22142,443
1577422190,Johnwayneee,135,9,41943,301
1577422199,Fade1,154,17,84536,163
1577422218,Liroy,201,13,51766,269
1577422222,Rudi+aus+Buddeln,273,21,115233,87
1577422238,Timbolimbo,136,16,74882,189
1577422253,Tapion95,136,30,202113,12
1577422259,Evilzero7,318,4,8783,646
1577422271,Frequenttly,217,0,0,2772
1577422272,Lord+Friedbert,0,0,0,2773
1577422275,Loyd1,0,0,0,2774
1577422288,B.Hindert,184,10,44700,290
1577422289,Anbe1,118,5,27736,397
1577422291,DerMaggiholiker,0,0,0,2775
1577422292,Fiokingx,191,19,80474,176
1577422325,Tihel78,318,2,5217,794
1577422366,EFZown,0,1,1732,1227
1577422373,lezzon,135,16,60189,239
1577422383,Dorfzerst%C3%B6rer,219,21,97995,129
1577422391,sgtmarv,0,2,3039,977
1577422392,quauq,0,0,0,2776
1577422407,Lady+Lilly,0,1,838,1496
1577422422,Lord+stormy,641,4,17345,488
1577422448,N3O-N,193,2,6981,696
1577422449,Squamplex,473,4,11613,578
1577422458,xKing+Slayer,641,4,14090,534
1577422461,Slaykingslayer,0,1,662,1565
1577422465,PX01,651,1,5126,795
1577422467,Abeking,538,1,1352,1327
1577422478,ringo070697,0,1,1672,1247
1577422491,Metanor,599,3,4608,819
1577422494,yOSHHHH,659,1,666,1561
1577422500,Zillawolke,0,1,1634,1252
1577422541,HSProxyHS,318,2,14644,524
1577422543,MarcelloR,191,8,25764,411
1577422561,fahaki66,318,2,11519,576
1577422563,besewoh95,318,1,9818,614
1577422571,vip-group,0,0,0,2777
1577422598,freaklikeme,0,1,26,2445
1577422610,ArtillerieChef,318,1,9750,615
1577422644,DrachenLord89,0,1,462,1666
1577422694,Alex91,98,14,67570,209
1577422699,NatsuDragneel,11,6,36237,339
1577422701,spakken,388,7,28910,393
1577422705,gatorinho,0,0,0,2778
1577422706,Ferret+the+King,219,30,119301,88
1577422713,Jakone10,623,2,6769,708
1577422727,Hand+of+god,547,3,9858,612
1577422747,judiejules,0,0,0,2779
1577422779,Lord+Zwerginald,219,16,79082,179
1577422793,uNiiQue,0,1,38,2219
1577422808,Lumbedier,0,0,0,2780
1577422843,Lord+Adler93,557,1,3652,892
1577422881,faxead,0,1,2214,1110
1577422884,Ganno,0,3,8685,650
1577422924,TinyConqueror,348,16,78917,180
1577422940,Fonz,421,0,0,2781
1577422958,Legit,340,13,59917,240
1577422965,IndianaGoof,0,0,0,2782
1577422970,Teratox,0,1,1755,1222
1577422981,The+Marshall,337,0,0,2783
1577422997,Lord+Stoney,0,1,50,2129
1577423019,Fendralis,0,0,0,2784
1577423029,Shyv,0,0,0,2785
1577423087,Miichey,118,1,1731,1229
1577423088,xBalex,0,0,0,2786
1577423098,KaterKuh,0,0,0,2787
1577423107,Little+Boi+Ari,0,1,26,2446
1577423129,Paulita,0,0,0,2788
1577423131,xhemo,0,1,2535,1053
1577423156,Johny8590,550,3,1499,1288
1577423182,Tripper42,0,0,0,2789
1577423195,Deeppurplera,0,1,292,1801
1577423268,Gringubuse,0,1,30,2236
1577423293,Ben93,507,6,22273,442
1577423318,KamasakiBrutal,0,1,1405,1313
1577423332,Ironsprite1214,473,6,12283,562
1577423359,MrMarxen,0,0,0,2790
1577423360,sk4ndal,394,1,2783,1011
1577423412,heldensignal,560,5,9351,622
1577423427,maXNy,302,3,11112,584
1577423428,haver007,302,1,3895,867
1577423441,Indiefrace,340,5,20859,458
1577423471,seczetti,0,7,36472,338
1577423475,Lord+Walter+Frosch,0,0,0,2791
1577423495,DrMaack,348,9,41272,304
1577423505,aioaio,459,3,6171,726
1577423510,Crik,302,1,2291,1097
1577423527,K%C3%B6nig+Otter+der+I.,65,1,5757,755
1577423535,timmyboy,0,1,26,2447
1577423541,indoGermane,0,1,142,1978
1577423559,schlarpa5,348,8,25664,413
1577423570,dodo95,667,2,6906,699
1577423575,SchokoLadenFondue,348,5,17854,485
1577423579,Smatx4,0,1,3777,880
1577423607,Dr.+Livesey,0,1,326,1771
1577423610,r3conx,0,1,1283,1349
1577423635,Genzai199,671,5,17808,484
1577423646,ProgOn420,0,0,0,2792
1577423701,Nudelt%C3%B6ter,0,1,1931,1176
1577423712,Jopy,566,3,9010,634
1577423733,Eyeslow90,0,0,0,2793
1577423735,SirRoko0815,473,5,14220,532
1577423762,IsoldeMakacken,364,4,12573,560
1577423772,El+Uno,364,9,32863,362
1577423785,Sandra300194,0,0,0,2794
1577423797,Fatoni5,0,1,152,1957
1577423814,teezylain,0,1,294,1797
1577423830,Lord+DerDiggah,588,1,506,1642
1577423842,lorddort,706,2,3752,882
1577423855,MajorSuckerino,0,1,730,1529
1577423865,tempop%C3%A4ckle,394,1,2930,988
1577423915,kaNkii03,721,2,4171,847
1577423921,Mr.Naicky,266,1,392,1717
1577423923,RollingStar,0,1,44,2183
1577423929,MedusasFeet,599,3,3662,891
1577423955,LuCo,0,0,0,2795
1577424009,Lady+eisb%C3%B6%C3%B6rg,465,3,16179,506
1577424022,Bongschmodder,0,1,140,1972
1577424062,Groschi,22,1,416,1696
1577424065,Krakus,331,1,26,2448
1577424086,Opferschauer,0,1,26,2449
1577424092,Killer78,0,1,2118,1131
1577424094,Corus90,0,1,275,1815
1577424102,loggdog,0,1,1606,1259
1577424118,Tobi1219,0,1,26,2450
1577424122,Amused+Fonty,98,8,26107,409
1577424134,HAN09,0,1,365,1745
1577424163,Lord+Gore1,640,1,984,1438
1577424167,Mogwai01,0,0,0,2796
1577424174,SuperJo,652,1,1874,1186
1577424184,MegaGayZone,0,1,26,2451
1577424197,WinterMorlog,671,5,14104,533
1577424205,Germano,741,1,182,1912
1577424207,antnh1001,465,4,16785,496
1577424212,SirSpike,140,1,1773,1215
1577424231,Mivel,552,3,3958,865
1577424246,MartinLooterKing,0,3,13318,542
1577424257,moh3202,431,1,2371,1070
1577424259,xVikingx,667,1,2450,1058
1577424316,dwebzz,463,8,30524,377
1577424353,Bueckware,364,4,12617,559
1577424354,Lilly+Putaner,0,0,0,2797
1577424379,DerW,0,1,701,1543
1577424381,osna94,0,1,463,1665
1577424406,vfl94,0,1,834,1498
1577424407,Shapan,473,5,16616,498
1577424419,BlvckExotix,463,3,7569,683
1577424428,MisterMijagi96,0,1,225,1863
1577424461,Tommyten,504,5,16048,505
1577424472,bluzerto,394,0,0,2798
1577424480,Softwaretester,465,6,19230,475
1577424494,Wilma+Poppen,364,4,19838,466
1577424503,MS395,473,1,4891,805
1577424513,zinavero,0,0,0,2799
1577424514,leoc0,0,1,1084,1405
1577424518,Requirement,388,2,9590,620
1577424528,K%C3%B6nigIgorDerF%C3%BCnfte,545,2,5574,772
1577424540,Panduriel,193,6,21486,450
1577424550,SlimyPoohOle,0,1,3486,907
1577424551,LaserSharkRaptor,465,4,15734,513
1577424564,Bellwald99,535,1,470,1661
1577424569,thexlostxone,0,0,0,2800
1577424570,GrafGrammatik,0,3,10689,593
1577424573,Bettdecke,0,0,0,2801
1577424605,Husomat,0,1,26,2452
1577424627,BADEMEISTER1337,388,4,11878,569
1577424629,Raindall,0,1,26,2453
1577424638,Ixer,0,1,26,2454
1577424647,Public+Enemiez,0,1,26,2455
1577424653,Dampfwalze98,302,1,2556,1046
1577424656,DREMORA,0,1,1034,1421
1577424670,SEHERIN2,482,1,534,1624
1577424676,Toewin,0,1,674,1556
1577424678,Br00k,501,2,5263,786
1577424712,PfandusSchmandus,98,5,24204,425
1577424717,Simi,504,9,42979,296
1577424723,Arafat+Abochaka,0,0,0,2802
1577424724,oOB0risOo,0,1,3597,893
1577424725,PaulP96,0,1,26,2456
1577424728,Captcha,560,3,8606,649
1577424738,afti94,0,0,0,2803
1577424763,yoshinon,302,4,11275,580
1577424766,Lynx-x,0,1,265,1824
1577424770,crashthepro,505,0,0,2804
1577424777,Alorenz,459,4,9613,619
1577424802,Pupe,566,1,2049,1145
1577424805,zMoros,0,0,0,2805
1577424808,Elster307,0,0,0,2806
1577424857,Ghost196,302,1,3184,950
1577424864,Torte,545,2,8735,645
1577424883,richroe,302,1,3848,872
1577424888,King+Ardy,302,2,5196,790
1577424891,AndreMantis,702,1,1045,1419
1577424897,nbk2601,0,1,523,1633
1577424900,JunkerJu87,0,1,626,1582
1577424922,lagatha1,394,1,958,1446
1577424926,Kim+Jong+Aal,0,1,202,1886
1577424928,bubbleblub12,0,1,2676,1028
1577424934,Quinov,0,1,39,2186
1577424960,Seven11Open,0,0,0,2807
1577424967,Morphi,22,1,26,2457
1577424973,DoktorDoofenshmirtz,671,8,38099,323
1577424981,shika,624,1,2742,1018
1577425025,Selo0o,11,2,8092,661
1577425033,Cadmon,473,5,12175,566
1577425034,Thammer,364,4,10498,600
1577425065,Wildkatze69,688,3,10917,587
1577425078,Ciao+Lio,12,1,843,1492
1577425102,Catweazle82,0,1,84,2034
1577425106,Devas,473,5,11763,571
1577425115,FRC068,0,0,0,2808
1577425121,Mrbvb90,508,1,1804,1201
1577425125,Didi2711,0,1,2038,1149
1577425177,BirdyHill87,743,1,148,1958
1577425210,Zlatan,0,1,461,1667
1577425212,John8819,550,0,0,2809
1577425219,FrauentasuchRTL2,0,1,179,1918
1577425232,Fortyune,0,1,72,2062
1577425238,Spiderflummi,508,1,2761,1016
1577425259,ballbunny,0,1,1453,1299
1577425302,danqtn,0,1,584,1604
1577425333,Huuphuup12345,0,1,644,1578
1577425343,geyabous,507,3,7584,678
1577425348,Handyman0202,149,1,726,1532
1577425353,war-warze,747,1,1109,1396
1577425363,Said+Al+Salam,0,1,112,1986
1577425382,diiiie-flippers,667,0,0,2810
1577425395,Mr.Chicksterminator,0,1,59,2084
1577425396,Mrs.Chicksterminator,0,1,38,2220
1577425417,Zille1,688,5,15193,519
1577425424,sh%C3%B6rtu,302,4,15853,511
1577425438,Shuuii,546,1,681,1551
1577425445,jon0796,0,1,2726,1012
1577425454,Waldkauz,722,1,3480,908
1577425459,Nils+aus+der+3b,473,4,9207,630
1577425460,Ralle+der+Eroberer,547,1,2477,1056
1577425462,Dramos,0,1,497,1644
1577425469,Guenther+Die+Sau,566,2,8562,652
1577425488,BlackViper69,624,1,2967,984
1577425494,knockout61,603,0,0,2811
1577425496,3Impact,560,3,5790,752
1577425502,disdain,552,1,5534,775
1577425504,heroic,552,11,20407,460
1577425505,manic+pixie+dream+girl,552,3,10641,594
1577425516,br0by,552,5,9518,621
1577425517,Lord+Blutaxt,459,1,3765,881
1577425518,Crusty6969,0,0,0,2812
1577425522,P0ntinius,671,3,10927,586
1577425527,topfmonsta,688,2,5492,776
1577425529,sunny4600,0,1,778,1512
1577425541,l%C3%B6ffel,552,1,5741,757
1577425547,Bruv,552,3,11914,567
1577425549,Empe,0,0,0,2813
1577425556,botlobby,552,0,0,2814
1577425557,farmersday,552,2,7598,677
1577425558,K%C3%B6nigBalduin030,655,1,113,1985
1577425563,Cheeki,0,0,0,2815
1577425584,Theyhateart,0,1,74,2059
1577425598,katze-bl,0,0,0,2816
1577425643,giny001,0,1,328,1769
1577425647,MusKacknus,0,1,191,1903
1577425671,Lugrat,706,1,2200,1114
1577425679,Wavemaster,0,1,80,2042
1577425686,reezydior,0,0,0,2817
1577425698,Puldias,0,0,0,2818
1577425712,BloodAndRain,0,1,54,2102
1577425748,Rubbelkaiser,0,0,0,2819
1577425761,Shevek,740,1,807,1506
1577425763,BigChill,0,0,0,2820
1577425781,%C3%84sterix,0,0,0,2821
1577425804,GunnaderKleine,463,4,7902,670
1577425813,Mottlfix,0,1,178,1920
1577425828,xOMEGAx,0,1,433,1685
1577425835,Waldl%C3%A4ufer,0,1,26,2458
1577425858,tobi9345,463,3,7084,695
1577425875,RudiderGro%C3%9Fe,599,1,2891,994
1577425877,Moorghoul12,0,2,4475,827
1577425881,LadyMarina414,718,1,3358,926
1577425886,mack011,0,1,414,1698
1577425906,KrusteIRL,552,2,7803,672
1577425911,CDU+Kommunalpolitik,545,2,7299,685
1577425927,Gy4six,302,1,4002,858
1577425949,Kraemerix,0,0,0,2822
1577425952,General+Nuss,266,1,26,2459
1577425968,Woodgame14,0,1,592,1600
1577426048,Raayy,624,2,4382,833
1577426080,Lord+Jonny,463,3,7585,679
1577426085,Kebapsama,599,1,1485,1293
1577426107,kleini,617,1,1339,1335
1577426109,Jess1980,599,1,3431,915
1577426184,Howdie,0,1,157,1947
1577426227,St.Erik,557,1,1625,1256
1577426281,ts12361,0,1,1887,1194
1577426282,Lord+Burnsens,0,1,38,2221
1577426290,Schattyyy,0,1,1161,1380
1577426291,Ehlers,364,5,12866,554
1577426300,Wulfgard,0,1,690,1547
1577426305,Madness9786,0,1,2309,1085
1577426307,Lodi1,0,1,679,1567
1577426317,Blacktigher,0,1,1832,1195
1577426327,titus069,659,1,1309,1343
1577426328,dersiedler1995,0,1,54,2103
1577426329,GastGaerstner,0,1,875,1473
1577426333,Pistolenkrebs,0,1,877,1471
1577426349,Mephlor,0,2,8365,656
1577426357,Finn90,640,1,3205,944
1577426360,MaxDix,0,1,2894,993
1577426396,BekimHH,535,1,235,1851
1577426398,ima92,0,1,147,1960
1577426432,Wurstfachverk%C3%A4ufer,550,0,0,2823
1577426440,Shorty0303,0,1,997,1435
1577426462,LiciniusCato,0,0,0,2824
1577426471,possi43,459,1,3579,896
1577426499,Chatterfang,701,1,3844,873
1577426500,dirtyboy,0,1,46,2163
1577426523,Weaver+of+Fate,560,4,7241,689
1577426525,Northa,0,1,2886,1000
1577426533,Abdulkk61,603,1,3709,887
1577426537,Groden,557,2,4983,800
1577426541,sedehi,0,1,539,1618
1577426542,Emreoe,603,1,2118,1132
1577426548,Hakdan61,618,1,1479,1294
1577426568,dreibrueder,0,0,0,2825
1577426598,rizzo64,741,1,615,1588
1577426625,mclove,557,1,3910,864
1577426638,klo3,626,1,3892,868
1577426648,Nocyllis,0,1,3118,963
1577426694,HeinrichAbi,0,1,378,1728
1577426705,dick9999,0,1,837,1497
1577426714,LeergutLarsx,0,1,56,2090
1577426729,Kcedus,676,1,292,1802
1577426750,Ensar61,0,1,2483,1055
1577426755,Karo,0,1,81,2039
1577426758,Pissoir3,626,1,1505,1284
1577426761,Kip361,0,1,938,1452
1577426763,Floating+Coffin,624,1,2698,1024
1577426769,Pissbude3,626,1,3243,941
1577426792,SunnyRose,702,1,444,1681
1577426829,Semih52,629,1,144,1968
1577426852,Kuxxy,0,1,46,2164
1577426860,Atmo,0,1,2395,1067
1577426862,moodyi,0,1,48,2144
1577426869,Chief2001,0,1,1198,1372
1577426879,Kerim123,0,1,52,2120
1577426881,nesti97,0,1,599,1598
1577426888,Carrypotter,624,2,4034,855
1577426892,GDorf,0,1,213,1878
1577426898,Batman,0,1,457,1672
1577426903,werwer2024,0,1,219,1869
1577426910,PaladinZ,0,1,28,2238
1577426919,Alves27,682,1,3413,922
1577426926,Lord+George,0,1,427,1691
1577426935,TimoTerAvest,0,1,26,2460
1577426945,tummlerdel,0,0,0,2826
1577426954,Rette1699,348,1,3371,923
1577426959,Lauribert,659,4,6464,720
1577427011,steambro87,0,1,860,1482
1577427016,Sebastinian93,0,2,3267,937
1577427027,Spaceworker,0,1,430,1688
1577427032,Welt228,706,4,7935,668
1577427056,zteck,388,2,6086,732
1577427096,HaenkyPaenky,617,1,1253,1358
1577427099,deraddila1312,0,1,1511,1282
1577427110,Salaheddine,0,1,70,2067
1577427146,Dyhon,0,1,317,1786
1577427168,Green+Xero,463,1,3040,976
1577427183,Marty+Neumannxxl2,0,1,106,1992
1577427188,duselber,0,1,601,1597
1577427199,contesadepolignac,667,1,234,1855
1577427212,Wolfeye,0,1,275,1816
1577427263,blue.Whiskey,0,0,0,2827
1577427273,Ikit+Claw,652,1,1699,1240
1577427303,swat21,0,1,49,2136
1577427360,steini6850,703,1,1486,1292
1577427388,Litoz,0,1,177,1922
1577427404,legolas69,0,1,26,2461
1577427450,Emillex,0,1,54,2104
1577427455,Xerandor,0,1,458,1671
1577427478,Lord12345678,0,1,216,1873
1577427494,alfredmanfred,0,0,0,2828
1577427500,random+guy,624,1,3408,921
1577427527,King+Kaiser,652,1,3191,949
1577427541,Timo23,0,1,112,1987
1577427581,Stilles+%C3%96rtchen+3,626,1,2301,1088
1577427617,lmeow,0,1,2132,1127
1577427662,Bamux,567,1,2467,1057
1577427672,Definitiv,0,0,0,2829
1577427704,Vengu,0,1,2122,1130
1577427710,Mango,0,1,1505,1285
1577427717,RuppenRuppenRuppen,0,1,186,1908
1577427720,KubisDorf,0,1,884,1467
1577427740,biggi80,0,1,206,1882
1577427753,Patrick1011,640,1,377,1731
1577427758,ClubMate,0,1,2763,1014
1577427765,RandyAndy,0,1,26,2462
1577427783,JustRip,0,1,1441,1311
1577427788,Pernox199,0,1,223,1865
1577427831,Madremia,0,1,1535,1273
1577427841,Babyblu10,0,1,53,2113
1577427842,Der+Gro%C3%9Fadmiral,140,1,1340,1331
1577427846,Lucascleo2633,0,1,232,1858
1577427850,xdob,0,1,339,1761
1577427852,Stiii,0,1,338,1775
1577427854,Julienohnebam,0,1,26,2463
1577427870,Don+Adi,741,1,874,1479
1577427883,Raidenxx,0,1,143,1971
1577427890,nox1392,463,1,2175,1121
1577427892,JobCenter,0,1,513,1640
1577427899,varrag-krushak,0,1,182,1913
1577427901,Br4indead,0,1,77,2049
1577427945,Albert+Will,0,1,390,1719
1577427961,PatrickH97,701,1,1431,1305
1577427980,zangaW,0,1,55,2094
1577427982,cidecah675,0,1,1343,1329
1577427999,galleszeit,0,1,1396,1321
1577428023,VinoVigilant,0,1,852,1485
1577428027,Crashu,741,1,545,1614
1577428033,Kevanos,626,1,1718,1241
1577428059,Gahrgor,741,1,1532,1275
1577428063,Glukosewert,0,1,26,2464
1577428084,KF-16M,0,1,545,1615
1577428108,Joexnbg,0,1,1222,1363
1577428171,l1ghtn1ng,699,1,343,1757
1577428190,tedosok,0,1,1637,1251
1577428191,wedoxo,0,1,1393,1316
1577428192,Oceansoul,0,1,26,2465
1577428221,StammKK,0,1,94,2017
1577428228,Aiyari,0,1,241,1845
1577428234,Rostiger+Nagel,0,1,26,2466
1577428239,Zuimo,0,1,151,1953
1577428251,D4niel+D%C3%BCsentrieb,0,1,283,1810
1577428258,famejes,0,1,1640,1250
1577428260,Paolo6077,0,1,26,2467
1577428262,Asmido,624,1,1815,1206
1577428278,nbk011992,0,1,410,1701
1577428304,Willhelm+ii,0,1,26,2468
1577428317,Warlock,723,1,560,1610
1577428331,monobxd,0,1,151,1954
1577428334,LordSchrambo93,0,1,106,1993
1577428336,Zulfurion,617,1,956,1448
1577428381,BigJohn69,0,1,147,1961
1577428388,Kandorra,0,1,674,1557
1577428426,Gentleman,656,1,1215,1366
1577428427,Xshocker,652,1,1167,1382
1577428432,pipemem,0,1,1415,1315
1577428436,RobertGOAL,652,1,661,1568
1577428447,Sirmopped,0,1,1163,1378
1577428457,GerPower,741,1,754,1521
1577428460,iBurnout,535,1,231,1859
1577428509,W4ll3,0,1,48,2145
1577428518,nachtj%C3%A4ger22,743,1,1101,1397
1577428523,M1n1m3,0,1,743,1527
1577428539,malcx,0,1,46,2165
1577428563,SirJord,0,1,48,2146
1577428564,eismann58,0,1,233,1857
1577428582,Kabalake,0,1,109,1989
1577428588,whitehead,0,1,49,2137
1577428589,Flochinator,0,1,49,2138
1577428591,Windofdeath,0,1,79,2043
1577428595,Hastalavista,672,1,1018,1425
1577428625,Zelte,0,1,959,1445
1577428640,GTNO94,0,1,48,2147
1577428647,BornInTheHood,0,1,44,2184
1577428649,Schussi,617,1,1091,1400
1577428667,MR-Billiboy,0,1,26,2469
1577428707,August2003,747,1,844,1491
1577428720,Hechtoph,751,1,1015,1433
1577428770,turkfrau123,0,1,26,2470
1577428780,Emet,0,1,26,2471
1577428791,Desto0,0,1,26,2472
1577428842,backoefen,0,1,51,2125
1577428855,Kruxy,0,1,79,2044
1577428912,H3zad,733,1,385,1724
1577428920,NeoBarbar,0,1,528,1628
1577428923,Hyuga+Kojiro,0,1,77,2050
1577428932,Appe69,0,1,48,2148
1577428933,Sid0815,0,1,217,1871
1577428966,Svenoo7,0,1,419,1694
1577428977,Tzikguu,0,1,406,1706
1577428986,Uluk,0,1,26,2473
1577428988,Rolle6768,0,1,140,1973
1577428989,bcafce,0,1,528,1629
1577429010,Renesch,0,1,189,1910
1577429014,XenitGER,0,1,94,2018
1577429023,Crash2199,738,1,181,1915
1577429045,Lady+Schlumpf,0,1,285,1808
1577429050,MaximalVersaut,0,1,26,2474
1577429052,Varci,0,1,26,2475
1577429075,Markus1110,535,1,397,1721
1577429092,Dudeldei,0,1,536,1621
1577429134,Zitronenrolle,0,1,489,1649
1577429137,Stonekiller21,0,1,46,2166
1577429148,LeBron+James,0,1,59,2085
1577429174,Ratavasua,0,1,359,1742
1577429189,Dekameron,0,1,256,1832
1577429190,TipTop,0,1,45,2173
1577429195,Spatula,0,1,26,2476
1577429201,KingNorth,0,1,47,2157
1577429202,schneevongestern,0,1,48,2149
1577429205,Salute,0,1,56,2091
1577429206,Viagro,0,1,26,2477
1577429209,Lord+Salute,0,1,26,2478
1577429219,sViixTheBaum,0,1,47,2158
1577429220,Hollyy,0,1,176,1924
1577429227,LadySerena,0,1,88,2030
1577429228,Jazz,0,1,74,2060
1577429243,Dabra,0,1,103,2002
1577429298,Pnok,0,1,255,1840
1577429320,Checkout,0,1,214,1877
1577429328,Fackelkiller,751,1,218,1879
1577429334,Wowdeff,0,1,26,2479
1577429357,Hausmeister+Joe,0,1,212,1881
1577429447,Kszyhu,0,1,26,2480
1577429462,Baki093,0,1,52,2121
1577429464,Hengsterdude,0,1,54,2105
1577429476,Lukasz2468,0,1,38,2222
